,Ring,SMART,STATUS,PED_ORIENTED,PROC_NUM,CAT_CODE,LANDUSE,SPC_LU,GN_VA_LU,UNITS,RIF_CALCULATED,MF_CALCULATED,RIF_ACTUAL,DIFF_MF_RF_CALC,DIFF_MF_RF_ACTUAL,YEAR
0,1,In,Assessed,0.0,M2015006629-0,230-00,"Condominium,Townhouse",CONDOMINIUM,Single-family,unit,10262.196,11841.673072179681,7509.4,1579.4770721796813,4332.273072179682,2016
1,1,In,Assessed,0.0,M2015011565-0,820-00,"Shopping Center/General Retail [1-10,000]","STORES, ONE STORY",Commercial/Retail,sq. ft.,-14444.875375,-13143.295753618415,0.0,1301.5796213815847,-13143.295753618415,2016
2,1,In,Assessed,0.0,M2015011565-0,932-01,High turnover Rest/Seats,"RESTAURANTS, CAFETERIAS",Commercial/Retail,seats,16660.56,5023.5305508773745,0.0,-11637.029449122627,5023.5305508773745,2016
3,1,In,Assessed,0.0,M2015015805-0,820-00,"Shopping Center/General Retail [1-10,000]","STORES, ONE STORY",Commercial/Retail,sq. ft.,-21906.685283,-19932.74681720187,-18034.099469720728,1973.9384657981282,-1898.6473474811428,2016
4,1,In,Assessed,0.0,M2015015805-0,932-01,High turnover Rest/Seats,"RESTAURANTS, CAFETERIAS",Commercial/Retail,seats,48593.3,14651.964106725676,40003.14946972072,-33941.33589327433,-25351.18536299505,2016
5,1,In,Assessed,0.0,M2016001562-0,210-00,Single Family Detached,SINGLE FAMILY RESIDENTIAL,Single-family,unit,8380.498000000001,9538.002884076466,7302.4400000000005,1157.5048840764648,2235.5628840764657,2016
6,1,In,Assessed,0.0,M2016003789-0,310-00,Hotel,"HOTELS, MOTELS",Commercial/Retail,room,2311871.296,2500250.0441546883,2014472.6503331265,188378.74815468816,485777.3938215617,2016
7,1,In,Assessed,0.0,M2016003789-0,710-00,"General Office Building [1-50,000]","OFFICE, ONE STORY",Office,sq. ft.,-177382.22623800003,-165883.41109462347,-154563.81331863475,11498.81514337656,-11319.597775988717,2016
8,1,In,Assessed,0.0,M2016003789-0,710-01,"General Office Building [50,001 -100,000]","OFFICE, ONE STORY",Office,sq. ft.,627521.422136,665993.724862742,546797.1960975117,38472.302726742,119196.52876523032,2016
9,1,In,Assessed,0.0,M2016003789-0,820-01,"Shopping Center/General Retail [10,001 -50,000]","STORES, ONE STORY",Commercial/Retail,sq. ft.,567735.3097920001,368989.2651539196,494701.9568879967,-198746.04463808052,-125712.69173407712,2016
10,1,In,Assessed,0.0,M2016003863-0,820-00,"Shopping Center/General Retail [1-10,000]","STORES, ONE STORY",Commercial/Retail,sq. ft.,-11225.73172,-10214.218414240597,-9781.648946484891,1011.513305759403,-432.5694677557058,2016
11,1,In,Assessed,0.0,M2016003863-0,932-00,High Turnover Rest.,DRIVE-IN RESTAURANTS,Commercial/Retail,sq. ft.,30969.4406,7307.531786694286,26985.51894648489,-23661.908813305716,-19677.987159790606,2016
12,1,In,Assessed,0.0,M2016004533-0,220-00,Apartment (Rentals),MULTI-FAMILY 10 OR MORE,Multifamily,unit,-11768.736,-14791.987523610116,-11394.239779145659,-3023.2515236101153,-3397.7477444644574,2016
13,1,In,Assessed,0.0,M2016004533-0,310-00,Hotel,"HOTELS, MOTELS",Commercial/Retail,room,749796.096,810891.9062123313,725936.6259291837,61095.81021233124,84955.28028314759,2016
14,1,In,Assessed,0.0,M2016004533-0,820-00,"Shopping Center/General Retail [1-10,000]","STORES, ONE STORY",Commercial/Retail,sq. ft.,16201.372220599998,14741.520517258414,15685.823849961962,-1459.8517033415847,-944.3033327035482,2016
15,1,In,Assessed,0.0,M2016004588-0,932-00,High Turnover Rest.,DRIVE-IN RESTAURANTS,Commercial/Retail,sq. ft.,75829.586175,17892.70650712645,0.0,-57936.87966787355,17892.70650712645,2016
16,1,In,Assessed,0.0,M2016005209-0,140-00,Manufacturing,HEAVY INDUSTRIAL,Industrial/Manufacturing,sq. ft.,-35306.642238,-37837.563439872276,-34183.17251620204,-2530.9212018722756,-3654.3909236702384,2016
17,1,In,Assessed,0.0,M2016005209-0,222-00,High-Rise Apart or Condo over 3 floors,MULTI-FAMILY 10 OR MORE,Multifamily,unit,893688.39,1092576.2096076363,865250.9124251219,198887.8196076363,227325.29718251445,2016
18,1,In,Assessed,0.0,M2016005209-0,820-00,"Shopping Center/General Retail [1-10,000]","STORES, ONE STORY",Commercial/Retail,sq. ft.,-67436.932465,-61360.41503260711,-65291.0656548784,6076.517432392895,3930.6506222712924,2016
19,1,In,Assessed,0.0,M2016005209-0,820-01,"Shopping Center/General Retail [10,001 -50,000]","STORES, ONE STORY",Commercial/Retail,sq. ft.,156012.177888,101397.28475765641,151047.81574595862,-54614.8931303436,-49650.53098830221,2016
20,1,In,Assessed,0.0,M2016005448-0,220-00,Apartment (Rentals),MULTI-FAMILY 10 OR MORE,Multifamily,unit,-17653.104,-22187.981285415175,-17091.359999999997,-4534.877285415176,-5096.621285415178,2016
21,1,In,Assessed,0.0,M2016005448-0,932-01,High turnover Rest/Seats,"RESTAURANTS, CAFETERIAS",Commercial/Retail,seats,48593.3,14651.964106725676,47047.0,-33941.33589327433,-32395.035893274326,2016
22,1,In,Assessed,0.0,M2016005484-0,150-00,Warehousing,"WAREHOUSING, DISTRIBUTION TERMINALS",Industrial/Manufacturing,sq. ft.,-598008.2917200001,-218582.19051108917,-578978.8265044052,379426.1012089109,360396.6359933161,2016
23,1,In,Assessed,0.0,M2016005484-0,710-00,"General Office Building [1-50,000]","OFFICE, ONE STORY",Office,sq. ft.,-92002.77605400002,-86038.68970240036,-89075.11827584082,5964.086351599661,3036.4285734404693,2016
24,1,In,Assessed,0.0,M2016005484-0,820-03,"Shopping Center/General Retail [100,001-200,000]",COMMUNITY SHOPPING CENTER,Commercial/Retail,sq. ft.,2539526.9451860003,3092745.9950911556,2458715.624780246,553219.0499051553,634030.3703109096,2016
25,1,In,Assessed,0.0,M2016005839-0,210-00,Single Family Detached,SINGLE FAMILY RESIDENTIAL,Single-family,unit,-8380.498000000001,-9538.002884076466,-8113.8200000000015,-1157.5048840764648,-1424.1828840764647,2016
26,1,In,Assessed,0.0,M2016005839-0,220-00,Apartment (Rentals),MULTI-FAMILY 10 OR MORE,Multifamily,unit,35306.208,44375.96257083035,34182.72,9069.754570830351,10193.242570830349,2016
27,1,In,Assessed,0.0,M2016006392-0,210-00,Single Family Detached,SINGLE FAMILY RESIDENTIAL,Single-family,unit,-8380.498000000001,-9538.002884076466,-8113.820000000007,-1157.5048840764648,-1424.1828840764592,2016
28,1,In,Assessed,0.0,M2016006392-0,230-00,"Condominium,Townhouse",CONDOMINIUM,Single-family,unit,10262.196,11841.673072179681,9935.640000000007,1579.4770721796813,1906.0330721796745,2016
29,1,In,Assessed,0.0,M2016008061-0,222-00,High-Rise Apart or Condo over 3 floors,MULTI-FAMILY 10 OR MORE,Multifamily,unit,36777.3,44961.98393447063,35607.0,8184.683934470624,9354.983934470627,2016
30,1,In,Assessed,0.0,M2016008061-0,230-00,"Condominium,Townhouse",CONDOMINIUM,Single-family,unit,-10262.196,-11841.673072179681,-9935.64,-1579.4770721796813,-1906.0330721796818,2016
31,1,In,Assessed,0.0,M2016008274-0,710-00,"General Office Building [1-50,000]","OFFICE, ONE STORY",Office,sq. ft.,-163204.2119736,-152624.4875902399,0.0,10579.724383360095,-152624.4875902399,2016
32,1,In,Assessed,0.0,M2016008274-0,820-01,"Shopping Center/General Retail [10,001 -50,000]","STORES, ONE STORY",Commercial/Retail,sq. ft.,163204.00992,106071.48551781406,0.0,-57132.524402185954,106071.48551781406,2016
33,1,In,Assessed,0.0,M2016009099-0,222-00,High-Rise Apart or Condo over 3 floors,MULTI-FAMILY 10 OR MORE,Multifamily,unit,1699111.26,2077243.657772543,1645043.3297259524,378132.3977725429,432200.32804659056,2016
34,1,In,Assessed,0.0,M2016009099-0,820-00,"Shopping Center/General Retail [1-10,000]","STORES, ONE STORY",Commercial/Retail,sq. ft.,118134.317924,107489.62790044957,114375.13027404762,-10644.690023550429,-6885.50237359805,2016
35,1,In,Assessed,0.0,M2016009373-0,150-00,Warehousing,"WAREHOUSING, DISTRIBUTION TERMINALS",Industrial/Manufacturing,sq. ft.,-7423.4906200000005,-2713.411943321145,-7187.273014750702,4710.078676678855,4473.861071429557,2016
36,1,In,Assessed,0.0,M2016009373-0,820-00,"Shopping Center/General Retail [1-10,000]","STORES, ONE STORY",Commercial/Retail,sq. ft.,27899.24501,25385.33694127442,27011.483014750702,-2513.9080687255773,-1626.1460734762804,2016
37,1,In,Assessed,0.0,M2016009970-0,210-00,Single Family Detached,SINGLE FAMILY RESIDENTIAL,Single-family,unit,-8380.498000000001,-9538.002884076466,-8113.818885492864,-1157.5048840764648,-1424.1839985836023,2016
38,1,In,Assessed,0.0,M2016009970-0,220-00,Apartment (Rentals),MULTI-FAMILY 10 OR MORE,Multifamily,unit,-23537.472,-29583.975047220232,-22788.476869794547,-6046.503047220231,-6795.498177425685,2016
39,1,In,Assessed,0.0,M2016009970-0,222-00,High-Rise Apart or Condo over 3 floors,MULTI-FAMILY 10 OR MORE,Multifamily,unit,205952.88,251787.1100330355,199399.17261070228,45834.23003303551,52387.93742233323,2016
40,1,In,Assessed,0.0,M2016009970-0,230-00,"Condominium,Townhouse",CONDOMINIUM,Single-family,unit,-10262.196,-11841.673072179681,-9935.63863524928,-1579.4770721796813,-1906.034436930402,2016
41,1,In,Assessed,0.0,M2016009970-0,820-00,"Shopping Center/General Retail [1-10,000]","STORES, ONE STORY",Commercial/Retail,sq. ft.,35493.12235,32294.955280319533,34363.68177983442,-3198.167069680465,-2068.726499514887,2016
42,1,In,Assessed,0.0,M2016012157-0,565-00,Day Care Center,PRIVATE SCHOOLS & COLLEGES,Other,sq. ft.,35617.855,219704.61256368246,34484.5,184086.75756368245,185220.11256368246,2016
43,1,In,Assessed,0.0,M2016012598-0,150-00,Warehousing,"WAREHOUSING, DISTRIBUTION TERMINALS",Industrial/Manufacturing,sq. ft.,-3821.56026,-1396.8452015913588,-3699.952560677329,2424.715058408641,2303.1073590859705,2016
44,1,In,Assessed,0.0,M2016012598-0,937-00,Coffee/Donut Shop,DRIVE-IN RESTAURANTS,Commercial/Retail,sq. ft.,44799.891359999994,64748.7906192503,43374.29256067733,19948.899259250305,21374.49805857297,2016
45,1,In,Assessed,0.0,M2016012904-0,310-00,Hotel,"HOTELS, MOTELS",Commercial/Retail,room,2311871.296,2500250.0441546883,2238306.590057766,188378.74815468816,261943.45409692219,2016
46,1,In,Assessed,0.0,M2016012904-0,710-00,"General Office Building [1-50,000]","OFFICE, ONE STORY",Office,sq. ft.,763102.7346180001,713634.5468131853,738820.4882952844,-49468.18780481478,-25185.941482099122,2016
47,1,In,Assessed,0.0,M2016012904-0,820-00,"Shopping Center/General Retail [1-10,000]","STORES, ONE STORY",Commercial/Retail,sq. ft.,-214427.98428099998,-195106.59262142808,-207604.79665947863,19321.391659571906,12498.20403805055,2016
48,1,In,Assessed,0.0,M2016012904-0,820-01,"Shopping Center/General Retail [10,001 -50,000]","STORES, ONE STORY",Commercial/Retail,sq. ft.,487477.9183680001,316827.4295697247,471966.1683064282,-170650.48879827536,-155138.73873670347,2016
49,1,In,Assessed,0.0,M2016014081-0,210-00,Single Family Detached,SINGLE FAMILY RESIDENTIAL,Single-family,unit,-25141.494000000006,-28614.0086522294,-24341.45916541232,-3472.5146522293944,-4272.549486817079,2016
50,1,In,Assessed,0.0,M2016014081-0,220-00,Apartment (Rentals),MULTI-FAMILY 10 OR MORE,Multifamily,unit,-117687.36000000002,-147919.87523610116,-113942.39609329418,-30232.515236101142,-33977.47914280697,2016
51,1,In,Assessed,0.0,M2016014081-0,222-00,High-Rise Apart or Condo over 3 floors,MULTI-FAMILY 10 OR MORE,Multifamily,unit,456038.52,557528.6007874358,441526.7848615149,101490.08078743576,116001.81592592085,2016
52,1,In,Assessed,0.0,M2016014081-0,820-00,"Shopping Center/General Retail [1-10,000]","STORES, ONE STORY",Commercial/Retail,sq. ft.,18159.2719,16523.000375977434,17581.420397191563,-1636.2715240225662,-1058.4200212141295,2016
53,1,In,Assessed,0.0,M2016015785-0,150-00,Warehousing,"WAREHOUSING, DISTRIBUTION TERMINALS",Industrial/Manufacturing,sq. ft.,117620.596646,42992.32639426645,113877.9147970457,-74628.27025173356,-70885.58840277925,2016
54,1,In,Assessed,0.0,M2016015785-0,710-00,"General Office Building [1-50,000]","OFFICE, ONE STORY",Office,sq. ft.,30112.234110000005,28160.206441115155,29154.064237982166,-1952.0276688848498,-993.8577968670106,2016
55,1,In,Assessed,0.0,M2016015785-0,820-00,"Shopping Center/General Retail [1-10,000]","STORES, ONE STORY",Commercial/Retail,sq. ft.,-55319.745579,-50335.06750900035,-53559.473878538985,4984.6780699996525,3224.4063695386358,2016
56,1,In,Assessed,0.0,M2016015785-0,820-01,"Shopping Center/General Retail [10,001 -50,000]","STORES, ONE STORY",Commercial/Retail,sq. ft.,295506.58032,192059.1410112801,286103.57484351116,-103447.43930871991,-94044.43383223107,2016
57,1,In,Assessed,0.0,M2016016383-0,210-00,Single Family Detached,SINGLE FAMILY RESIDENTIAL,Single-family,unit,-8380.498000000001,-9538.002884076466,-8113.8200000000015,-1157.5048840764648,-1424.1828840764647,2016
58,1,In,Assessed,0.0,M2016016383-0,220-00,Apartment (Rentals),MULTI-FAMILY 10 OR MORE,Multifamily,unit,35306.208,44375.96257083035,34182.72,9069.754570830351,10193.242570830349,2016
59,1,In,Assessed,0.0,M2016017512-0,150-00,Warehousing,"WAREHOUSING, DISTRIBUTION TERMINALS",Industrial/Manufacturing,sq. ft.,-30748.186,-11238.984380620128,-29769.972257344736,19509.201619379874,18530.98787672461,2016
60,1,In,Assessed,0.0,M2016017512-0,820-01,"Shopping Center/General Retail [10,001 -50,000]","STORES, ONE STORY",Commercial/Retail,sq. ft.,86351.32800000001,56122.479109954525,83604.17225734473,-30228.848890045483,-27481.693147390208,2016
61,1,In,Assessed,0.0,M2016017543-0,210-00,Single Family Detached,SINGLE FAMILY RESIDENTIAL,Single-family,unit,4190.249000000001,4769.001442038233,4056.91,578.7524420382324,712.0914420382333,2016
62,1,In,Assessed,0.0,M2016017548-0,210-00,Single Family Detached,SINGLE FAMILY RESIDENTIAL,Single-family,unit,4190.249000000001,4769.001442038233,4056.91,578.7524420382324,712.0914420382333,2016
63,1,In,Assessed,0.0,M2017000058-0,150-00,Warehousing,"WAREHOUSING, DISTRIBUTION TERMINALS",Industrial/Manufacturing,sq. ft.,-34363.294154,-12560.367829941608,-34363.2049981714,21802.926324058397,21802.837168229795,2016
64,1,In,Assessed,0.0,M2017000058-0,820-00,"Shopping Center/General Retail [1-10,000]","STORES, ONE STORY",Commercial/Retail,sq. ft.,129145.440067,117508.57449206497,129145.10499817139,-11636.86557493503,-11636.530506106414,2016
65,1,In,Assessed,0.0,M2017000995-0,150-00,Warehousing,"WAREHOUSING, DISTRIBUTION TERMINALS",Industrial/Manufacturing,sq. ft.,-3079.2111980000004,-1125.5040072592442,-3079.204842130929,1953.7071907407562,1953.700834871685,2016
66,1,In,Assessed,0.0,M2017000995-0,820-00,"Shopping Center/General Retail [1-10,000]","STORES, ONE STORY",Commercial/Retail,sq. ft.,11572.408728999999,10529.657512327438,11572.38484213093,-1042.751216672561,-1042.7273298034925,2016
67,1,In,Assessed,0.0,M2017001141-0,150-00,Warehousing,"WAREHOUSING, DISTRIBUTION TERMINALS",Industrial/Manufacturing,sq. ft.,-5776.26637,-2111.3234943593525,-5776.252678288431,3664.942875640648,3664.929183929078,2016
68,1,In,Assessed,0.0,M2017001141-0,820-00,"Shopping Center/General Retail [1-10,000]","STORES, ONE STORY",Commercial/Retail,sq. ft.,21708.584135,19752.49590400939,21708.53267828843,-1956.088230990612,-1956.0367742790404,2016
69,1,In,Assessed,0.0,M2017001142-0,150-00,Warehousing,"WAREHOUSING, DISTRIBUTION TERMINALS",Industrial/Manufacturing,sq. ft.,-22911.791168000003,-8374.648932759226,-22911.731529928078,14537.142235240777,14537.082597168852,2016
70,1,In,Assessed,0.0,M2017001142-0,820-00,"Shopping Center/General Retail [1-10,000]","STORES, ONE STORY",Commercial/Retail,sq. ft.,86107.965664,78349.06360099846,86107.74152992808,-7758.902063001544,-7758.677928929625,2016
71,1,In,Assessed,0.0,M2017003412-0,210-00,Single Family Detached,SINGLE FAMILY RESIDENTIAL,Single-family,unit,-8380.498000000001,-9538.002884076466,-8380.49689016237,-1157.5048840764648,-1157.5059939140956,2016
72,1,In,Assessed,0.0,M2017003412-0,222-00,High-Rise Apart or Condo over 3 floors,MULTI-FAMILY 10 OR MORE,Multifamily,unit,342028.89,418146.45059057686,342028.84470477613,76117.56059057685,76117.60588580073,2016
73,1,In,Assessed,0.0,M2017003412-0,230-00,"Condominium,Townhouse",CONDOMINIUM,Single-family,unit,-15393.294,-17762.509608269524,-15393.291961450865,-2369.2156082695237,-2369.217646818659,2016
74,1,In,Assessed,0.0,M2017003412-0,820-00,"Shopping Center/General Retail [1-10,000]","STORES, ONE STORY",Commercial/Retail,sq. ft.,25455.997518,23162.242345233823,25455.994146837093,-2293.7551727661776,-2293.75180160327,2016
75,1,In,Collected,0.0,M2014007576-0,220-00,Apartment (Rentals),MULTI-FAMILY 10 OR MORE,Multifamily,unit,176531.04,221879.81285415174,4170.854271553597,45348.77285415173,217708.95858259813,2016
76,1,In,Collected,0.0,M2014007576-0,710-00,"General Office Building [1-50,000]","OFFICE, ONE STORY",Office,sq. ft.,-176530.61675088003,-165087.00725169014,-4170.844271553597,11443.609499189886,-160916.16298013655,2016
77,1,In,Collected,0.0,M2014009507-0,210-00,Single Family Detached,SINGLE FAMILY RESIDENTIAL,Single-family,unit,-8380.498000000001,-9538.002884076466,-6132.459325888401,-1157.5048840764648,-3405.5435581880656,2016
78,1,In,Collected,0.0,M2014009507-0,220-00,Apartment (Rentals),MULTI-FAMILY 10 OR MORE,Multifamily,unit,88265.52,110939.90642707587,64588.60932588839,22674.386427075864,46351.297101187476,2016
79,1,In,Collected,0.0,M2015002065-0,222-00,High-Rise Apart or Condo over 3 floors,MULTI-FAMILY 10 OR MORE,Multifamily,unit,0.0,0.0,0.0,0.0,0.0,2016
80,1,In,Collected,0.0,M2015002065-0,820-00,"Shopping Center/General Retail [1-10,000]","STORES, ONE STORY",Commercial/Retail,sq. ft.,0.0,0.0,0.0,0.0,0.0,2016
81,1,In,Collected,0.0,M2015002065-0,932-00,High Turnover Rest.,DRIVE-IN RESTAURANTS,Commercial/Retail,sq. ft.,0.0,0.0,0.0,0.0,0.0,2016
82,1,In,Collected,0.0,M2015009218-0,820-00,"Shopping Center/General Retail [1-10,000]","STORES, ONE STORY",Commercial/Retail,sq. ft.,35494.7731929,32296.457371262804,29220.070000000007,-3198.3158216371958,3076.3873712627974,2016
83,1,In,Collected,0.0,M2015010860-0,222-00,High-Rise Apart or Condo over 3 floors,MULTI-FAMILY 10 OR MORE,Multifamily,unit,0.0,0.0,0.0,0.0,0.0,2016
84,1,In,Collected,0.0,M2015010860-0,820-00,"Shopping Center/General Retail [1-10,000]","STORES, ONE STORY",Commercial/Retail,sq. ft.,0.0,0.0,0.0,0.0,0.0,2016
85,1,In,Collected,0.0,M2015011103-0,222-00,High-Rise Apart or Condo over 3 floors,MULTI-FAMILY 10 OR MORE,Multifamily,unit,0.0,0.0,0.0,0.0,0.0,2016
86,1,In,Collected,0.0,M2015011352-0,210-00,Single Family Detached,SINGLE FAMILY RESIDENTIAL,Single-family,unit,0.0,0.0,0.0,0.0,0.0,2016
87,1,In,Collected,0.0,M2015014124-0,231-00,Duplex,MULTI-FAMILY LESS THAN 10,Multifamily,unit,14710.92,13902.85166153519,12172.153478206763,-808.068338464811,1730.6981833284262,2016
88,1,In,Collected,0.0,M2015014124-0,310-00,Hotel,"HOTELS, MOTELS",Commercial/Retail,room,1124694.144,1216337.859318497,930597.7965217932,91643.7153184968,285740.06279670366,2016
89,1,In,Collected,0.0,M2015015919-0,210-00,Single Family Detached,SINGLE FAMILY RESIDENTIAL,Single-family,unit,-8380.498000000001,-9538.002884076466,-6899.0144212836,-1157.5048840764648,-2638.988462792866,2016
90,1,In,Collected,0.0,M2015015919-0,220-00,Apartment (Rentals),MULTI-FAMILY 10 OR MORE,Multifamily,unit,35306.208,44375.96257083035,29064.8644212836,9069.754570830351,15311.09814954675,2016
91,1,In,Collected,0.0,M2016001738-0,210-00,Single Family Detached,SINGLE FAMILY RESIDENTIAL,Single-family,unit,-8380.498000000001,-9538.002884076466,-7302.453270340651,-1157.5048840764648,-2235.549613735815,2016
92,1,In,Collected,0.0,M2016001738-0,220-00,Apartment (Rentals),MULTI-FAMILY 10 OR MORE,Multifamily,unit,-229490.352,-288443.75671039725,-199969.33016081227,-58953.40471039724,-88474.42654958498,2016
93,1,In,Collected,0.0,M2016001738-0,222-00,High-Rise Apart or Condo over 3 floors,MULTI-FAMILY 10 OR MORE,Multifamily,unit,323640.24,395665.4586233416,282008.02971396595,72025.21862334159,113657.42890937562,2016
94,1,In,Collected,0.0,M2016001738-0,230-00,"Condominium,Townhouse",CONDOMINIUM,Single-family,unit,-10262.196,-11841.673072179681,-8942.094699035395,-1579.4770721796813,-2899.578373144286,2016
95,1,In,Collected,0.0,M2016001738-0,710-00,"General Office Building [1-50,000]","OFFICE, ONE STORY",Office,sq. ft.,-69483.46809600001,-64979.19744779769,-60545.301583777655,4504.27064820232,-4433.895864020036,2016
96,1,In,Collected,0.0,M2016001899-0,231-00,Duplex,MULTI-FAMILY LESS THAN 10,Multifamily,unit,11033.189999999999,10427.138746151391,13413.109999999997,-606.0512538486073,-2985.9712538486056,2016
97,1,In,Collected,0.0,M2016002781-0,710-00,"General Office Building [1-50,000]","OFFICE, ONE STORY",Office,sq. ft.,-11471.327280000001,-10727.697691853393,-9995.702101784533,743.6295881466085,-731.9955900688601,2016
98,1,In,Collected,0.0,M2016002781-0,720-00,Medical Office Building,PROFESSIONAL BUILDING,Office,sq. ft.,26488.518000000004,9827.6006945726,23081.142101784535,-16660.917305427403,-13253.541407211935,2016
99,1,In,Collected,0.0,M2016002966-0,710-00,"General Office Building [1-50,000]","OFFICE, ONE STORY",Office,sq. ft.,69480.73682760002,64976.643234061536,60542.78,-4504.093593538484,4433.863234061537,2016
100,1,In,Collected,0.0,M2016003334-0,150-00,Warehousing,"WAREHOUSING, DISTRIBUTION TERMINALS",Industrial/Manufacturing,sq. ft.,-10542.235200000001,-3853.366073355472,-9186.098411490097,6688.869126644529,5332.732338134625,2016
101,1,In,Collected,0.0,M2016003334-0,710-00,"General Office Building [1-50,000]","OFFICE, ONE STORY",Office,sq. ft.,113197.41883800001,105859.38829496758,98635.87841149009,-7338.030543032437,7223.5098834774835,2016
102,1,In,Collected,0.0,M2016003740-0,820-00,"Shopping Center/General Retail [1-10,000]","STORES, ONE STORY",Commercial/Retail,sq. ft.,-10420.1203848,-9481.198033924507,-9079.68082502993,938.9223508754931,-401.5172088945783,2016
103,1,In,Collected,0.0,M2016003740-0,932-01,High turnover Rest/Seats,"RESTAURANTS, CAFETERIAS",Commercial/Retail,seats,22214.08,6698.040734503166,19356.47082502993,-15516.039265496835,-12658.430090526763,2016
104,1,In,Collected,0.0,M2016003781-0,230-00,"Condominium,Townhouse",CONDOMINIUM,Single-family,unit,5131.098,5920.836536089841,877.0,789.7385360898406,5043.836536089841,2016
105,1,In,Collected,0.0,M2016004645-0,820-02,"Shopping Center/General Retail [50,001 -100,000]","STORES, ONE STORY",Commercial/Retail,sq. ft.,20237.786058,10297.484603606805,19593.78,-9940.301454393197,-9296.295396393194,2016
106,1,In,Collected,0.0,M2016004675-0,310-00,Hotel,"HOTELS, MOTELS",Commercial/Retail,room,460812.184,498360.6506929952,446148.55999999994,37548.46669299516,52212.09069299523,2016
107,1,In,Collected,0.0,M2016005126-0,210-00,Single Family Detached,SINGLE FAMILY RESIDENTIAL,Single-family,unit,0.0,0.0,0.0,0.0,0.0,2016
108,1,In,Collected,0.0,M2016005451-0,150-00,Warehousing,"WAREHOUSING, DISTRIBUTION TERMINALS",Industrial/Manufacturing,sq. ft.,4612.227900000001,1685.847657093019,4465.4400000000005,-2926.380242906982,-2779.5923429069817,2016
109,1,In,Collected,0.0,M2016005462-0,210-00,Single Family Detached,SINGLE FAMILY RESIDENTIAL,Single-family,unit,-8380.498000000001,-9538.002884076466,-8113.820000000007,-1157.5048840764648,-1424.1828840764592,2016
110,1,In,Collected,0.0,M2016005462-0,230-00,"Condominium,Townhouse",CONDOMINIUM,Single-family,unit,10262.196,11841.673072179681,9935.640000000007,1579.4770721796813,1906.0330721796745,2016
111,1,In,Collected,0.0,M2016005465-0,710-00,"General Office Building [1-50,000]","OFFICE, ONE STORY",Office,sq. ft.,-19200.816852000004,-17956.122565173653,-18589.79951916722,1244.6942868263504,633.6769539935667,2016
112,1,In,Collected,0.0,M2016005465-0,720-00,Medical Office Building,PROFESSIONAL BUILDING,Office,sq. ft.,44336.733700000004,16449.53163877271,42925.82951916722,-27887.202061227294,-26476.29788039451,2016
113,1,In,Collected,0.0,M2016005570-1,210-00,Single Family Detached,SINGLE FAMILY RESIDENTIAL,Single-family,unit,-8380.498000000001,-9538.002884076466,-8113.820000000001,-1157.5048840764648,-1424.1828840764656,2016
114,1,In,Collected,0.0,M2016005570-1,220-00,Apartment (Rentals),MULTI-FAMILY 10 OR MORE,Multifamily,unit,47074.944,59167.950094440464,45576.96,12093.006094440461,13590.990094440465,2016
115,1,In,Collected,0.0,M2016005637-0,230-00,"Condominium,Townhouse",CONDOMINIUM,Single-family,unit,0.0,0.0,0.0,0.0,0.0,2016
116,1,In,Collected,0.0,M2016005719-0,820-00,"Shopping Center/General Retail [1-10,000]","STORES, ONE STORY",Commercial/Retail,sq. ft.,-30474.559934,-27728.598812776676,-29504.83644292837,2745.961121223325,1776.2376301516924,2016
117,1,In,Collected,0.0,M2016005719-0,932-01,High turnover Rest/Seats,"RESTAURANTS, CAFETERIAS",Commercial/Retail,seats,72195.76000000001,21768.63238713529,69898.43644292837,-50427.127612864715,-48129.80405579308,2016
118,1,In,Collected,0.0,M2016005763-0,210-00,Single Family Detached,SINGLE FAMILY RESIDENTIAL,Single-family,unit,0.0,0.0,0.0,0.0,0.0,2016
119,1,In,Collected,0.0,M2016006122-0,932-00,High Turnover Rest.,DRIVE-IN RESTAURANTS,Commercial/Retail,sq. ft.,54105.434460000004,12766.687886165899,52383.79,-41338.746573834105,-39617.1021138341,2016
120,1,In,Collected,0.0,M2016006194-0,820-00,"Shopping Center/General Retail [1-10,000]","STORES, ONE STORY",Commercial/Retail,sq. ft.,35988.37522,32745.58256330073,34843.159999999996,-3242.792656699272,-2097.5774366992664,2016
121,1,In,Collected,0.0,M2016006242-0,222-00,High-Rise Apart or Condo over 3 floors,MULTI-FAMILY 10 OR MORE,Multifamily,unit,147109.2,179847.9357378825,142428.0,32738.735737882496,37419.93573788251,2016
122,1,In,Collected,0.0,M2016006364-0,150-00,Warehousing,"WAREHOUSING, DISTRIBUTION TERMINALS",Industrial/Manufacturing,sq. ft.,-4502.412950000001,-1645.708427162233,-4359.145122516154,2856.704522837768,2713.4366953539206,2016
123,1,In,Collected,0.0,M2016006364-0,820-00,"Shopping Center/General Retail [1-10,000]","STORES, ONE STORY",Commercial/Retail,sq. ft.,16921.139725,15396.432168524429,16382.705122516154,-1524.7075564755723,-986.2729539917254,2016
124,1,In,Collected,0.0,M2016006412-0,210-00,Single Family Detached,SINGLE FAMILY RESIDENTIAL,Single-family,unit,0.0,0.0,0.0,0.0,0.0,2016
125,1,In,Collected,0.0,M2016006496-0,210-00,Single Family Detached,SINGLE FAMILY RESIDENTIAL,Single-family,unit,-8380.498000000001,-9538.002884076466,-8113.820000000007,-1157.5048840764648,-1424.1828840764592,2016
126,1,In,Collected,0.0,M2016006496-0,230-00,"Condominium,Townhouse",CONDOMINIUM,Single-family,unit,10262.196,11841.673072179681,9935.640000000007,1579.4770721796813,1906.0330721796745,2016
127,1,In,Collected,0.0,M2016006727-0,220-00,Apartment (Rentals),MULTI-FAMILY 10 OR MORE,Multifamily,unit,5884.368,7395.993761805058,5697.12,1511.6257618050577,1698.8737618050582,2016
128,1,In,Collected,0.0,M2016006896-0,210-00,Single Family Detached,SINGLE FAMILY RESIDENTIAL,Single-family,unit,0.0,0.0,0.0,0.0,0.0,2016
129,1,In,Collected,0.0,M2016006934-0,150-00,Warehousing,"WAREHOUSING, DISTRIBUTION TERMINALS",Industrial/Manufacturing,sq. ft.,-8227.336054,-3007.2311064145,-7965.542305731389,5220.1049475855,4958.3111993168895,2016
130,1,In,Collected,0.0,M2016006934-0,932-01,High turnover Rest/Seats,"RESTAURANTS, CAFETERIAS",Commercial/Retail,seats,33321.12,10047.061101754749,32260.84230573139,-23274.058898245254,-22213.78120397664,2016
131,1,In,Collected,0.0,M2016006990-0,210-00,Single Family Detached,SINGLE FAMILY RESIDENTIAL,Single-family,unit,-8380.498000000001,-9538.002884076466,-8113.820000000007,-1157.5048840764648,-1424.1828840764592,2016
132,1,In,Collected,0.0,M2016006990-0,230-00,"Condominium,Townhouse",CONDOMINIUM,Single-family,unit,10262.196,11841.673072179681,9935.640000000007,1579.4770721796813,1906.0330721796745,2016
133,1,In,Collected,0.0,M2016007068-0,210-00,Single Family Detached,SINGLE FAMILY RESIDENTIAL,Single-family,unit,-8380.498000000001,-9538.002884076466,-8113.820000000007,-1157.5048840764648,-1424.1828840764592,2016
134,1,In,Collected,0.0,M2016007068-0,230-00,"Condominium,Townhouse",CONDOMINIUM,Single-family,unit,10262.196,11841.673072179681,9935.640000000007,1579.4770721796813,1906.0330721796745,2016
135,1,In,Collected,0.0,M2016007259-0,210-00,Single Family Detached,SINGLE FAMILY RESIDENTIAL,Single-family,unit,-8380.498000000001,-9538.002884076466,-8113.820000000007,-1157.5048840764648,-1424.1828840764592,2016
136,1,In,Collected,0.0,M2016007259-0,230-00,"Condominium,Townhouse",CONDOMINIUM,Single-family,unit,10262.196,11841.673072179681,9935.640000000007,1579.4770721796813,1906.0330721796745,2016
137,1,In,Collected,0.0,M2016007305-0,932-01,High turnover Rest/Seats,"RESTAURANTS, CAFETERIAS",Commercial/Retail,seats,244354.88,73678.44807953484,236579.2,-170676.43192046517,-162900.75192046518,2016
138,1,In,Collected,0.0,M2016007438-0,210-00,Single Family Detached,SINGLE FAMILY RESIDENTIAL,Single-family,unit,0.0,0.0,0.0,0.0,0.0,2016
139,1,In,Collected,0.0,M2016007720-0,210-00,Single Family Detached,SINGLE FAMILY RESIDENTIAL,Single-family,unit,-8380.498000000001,-9538.002884076466,-8113.820000000007,-1157.5048840764648,-1424.1828840764592,2016
140,1,In,Collected,0.0,M2016007720-0,230-00,"Condominium,Townhouse",CONDOMINIUM,Single-family,unit,10262.196,11841.673072179681,9935.640000000007,1579.4770721796813,1906.0330721796745,2016
141,1,In,Collected,0.0,M2016007939-0,230-00,"Condominium,Townhouse",CONDOMINIUM,Single-family,unit,0.0,0.0,0.0,0.0,0.0,2016
142,1,In,Collected,0.0,M2016008279-0,220-00,Apartment (Rentals),MULTI-FAMILY 10 OR MORE,Multifamily,unit,-23537.472,-29583.975047220232,-22788.519356979163,-6046.503047220231,-6795.4556902410695,2016
143,1,In,Collected,0.0,M2016008279-0,710-00,"General Office Building [1-50,000]","OFFICE, ONE STORY",Office,sq. ft.,176112.18643200002,164695.70170731112,170508.36935697918,-11416.484724688897,-5812.667649668059,2016
144,1,In,Collected,0.0,M2016008283-0,210-00,Single Family Detached,SINGLE FAMILY RESIDENTIAL,Single-family,unit,8380.498000000001,9538.002884076466,8113.82,1157.5048840764648,1424.1828840764665,2016
145,1,In,Collected,0.0,M2016008295-0,220-00,Apartment (Rentals),MULTI-FAMILY 10 OR MORE,Multifamily,unit,5884.368,7395.993761805058,5697.12,1511.6257618050577,1698.8737618050582,2016
146,1,In,Collected,0.0,M2016008295-0,520-00,Elementary School (30 SF/St),PUBLIC COUNTY SCHOOLS,Other,student,23005.752,230205.40420994328,22273.68,207199.65220994328,207931.7242099433,2016
147,1,In,Collected,0.0,M2016008849-0,230-00,"Condominium,Townhouse",CONDOMINIUM,Single-family,unit,0.0,0.0,0.0,0.0,0.0,2016
148,1,In,Collected,0.0,M2016009004-0,150-00,Warehousing,"WAREHOUSING, DISTRIBUTION TERMINALS",Industrial/Manufacturing,sq. ft.,-6606.4673920000005,-2414.7760726360957,-6396.253030400919,4191.691319363905,3981.476957764823,2016
149,1,In,Collected,0.0,M2016009004-0,932-00,High Turnover Rest.,DRIVE-IN RESTAURANTS,Commercial/Retail,sq. ft.,68497.11568,16162.540892923833,66317.57303040092,-52334.57478707617,-50155.03213747709,2016
150,1,In,Collected,0.0,M2016009395-0,932-01,High turnover Rest/Seats,"RESTAURANTS, CAFETERIAS",Commercial/Retail,seats,13883.800000000001,4186.275459064479,3775.28,-9697.524540935523,410.99545906447884,2016
151,1,In,Collected,0.0,M2016009501-1,220-00,Apartment (Rentals),MULTI-FAMILY 10 OR MORE,Multifamily,unit,0.0,0.0,0.0,0.0,0.0,2016
152,1,In,Collected,0.0,M2016009660-0,220-00,Apartment (Rentals),MULTI-FAMILY 10 OR MORE,Multifamily,unit,35306.208,44375.96257083035,34182.72,9069.754570830351,10193.242570830349,2016
153,1,In,Collected,0.0,M2016009772-0,150-00,Warehousing,"WAREHOUSING, DISTRIBUTION TERMINALS",Industrial/Manufacturing,sq. ft.,-48459.141136000006,-17712.63938385732,-46917.18880378755,30746.501752142685,29204.549419930227,2016
154,1,In,Collected,0.0,M2016009772-0,540-00,Jr./Community College (25 SF/St),COLLEGES,Other,student,184305.968,96075.55923407048,178441.41880378753,-88230.40876592952,-82365.85956971705,2016
155,1,In,Collected,0.0,M2016009943-0,210-00,Single Family Detached,SINGLE FAMILY RESIDENTIAL,Single-family,unit,0.0,0.0,0.0,0.0,0.0,2016
156,1,In,Collected,0.0,M2016010226-0,710-00,"General Office Building [1-50,000]","OFFICE, ONE STORY",Office,sq. ft.,-14666.91130799998,-13716.127763155382,-14200.19098290545,950.7835448445985,484.0632197500672,2016
157,1,In,Collected,0.0,M2016010226-0,720-00,Medical Office Building,PROFESSIONAL BUILDING,Office,sq. ft.,378407.4,140394.29563675143,366365.9809829054,-238013.1043632486,-225971.685346154,2016
158,1,In,Collected,0.0,M2016010534-0,210-00,Single Family Detached,SINGLE FAMILY RESIDENTIAL,Single-family,unit,0.0,0.0,0.0,0.0,0.0,2016
159,1,In,Collected,0.0,M2016010796-0,820-00,"Shopping Center/General Retail [1-10,000]","STORES, ONE STORY",Commercial/Retail,sq. ft.,-6933.54018,-6308.781961736839,-6712.920528029301,624.7582182631613,404.1385662924622,2016
160,1,In,Collected,0.0,M2016010796-0,932-00,High Turnover Rest.,DRIVE-IN RESTAURANTS,Commercial/Retail,sq. ft.,19128.1839,4513.475515311176,18519.5405280293,-14614.708384688824,-14006.065012718125,2016
161,1,In,Collected,0.0,M2016010801-0,210-00,Single Family Detached,SINGLE FAMILY RESIDENTIAL,Single-family,unit,-8380.498000000001,-9538.002884076466,-8113.820000000003,-1157.5048840764648,-1424.1828840764629,2016
162,1,In,Collected,0.0,M2016010801-0,230-00,"Condominium,Townhouse",CONDOMINIUM,Single-family,unit,15393.294,17762.509608269524,14903.460000000005,2369.2156082695237,2859.049608269519,2016
163,1,In,Collected,0.0,M2016010969-0,220-00,Apartment (Rentals),MULTI-FAMILY 10 OR MORE,Multifamily,unit,-29421.840000000004,-36979.96880902529,-28485.57719718728,-7558.128809025286,-8494.391611838011,2016
164,1,In,Collected,0.0,M2016010969-0,820-00,"Shopping Center/General Retail [1-10,000]","STORES, ONE STORY",Commercial/Retail,sq. ft.,127321.2586625,115848.76399975088,123269.63719718727,-11472.494662749115,-7420.873197436391,2016
165,1,In,Collected,0.0,M2016011163-0,210-00,Single Family Detached,SINGLE FAMILY RESIDENTIAL,Single-family,unit,0.0,0.0,0.0,0.0,0.0,2016
166,1,In,Collected,0.0,M2016011508-0,210-00,Single Family Detached,SINGLE FAMILY RESIDENTIAL,Single-family,unit,8380.498000000001,9538.002884076466,8113.830865221967,1157.5048840764648,1424.1720188544996,2016
167,1,In,Collected,0.0,M2016011508-0,230-00,"Condominium,Townhouse",CONDOMINIUM,Single-family,unit,-10262.196,-11841.673072179681,-9935.653304822385,-1579.4770721796813,-1906.0197673572966,2016
168,1,In,Collected,0.0,M2016011508-0,710-00,"General Office Building [1-50,000]","OFFICE, ONE STORY",Office,sq. ft.,9286.312560000002,8684.326702928936,8990.822439600417,-601.9858570710658,-306.4957366714807,2016
169,1,In,Collected,0.0,M2016011549-0,230-00,"Condominium,Townhouse",CONDOMINIUM,Single-family,unit,0.0,0.0,0.0,0.0,0.0,2016
170,1,In,Collected,0.0,M2016011577-0,230-00,"Condominium,Townhouse",CONDOMINIUM,Single-family,unit,0.0,0.0,0.0,0.0,0.0,2016
171,1,In,Collected,0.0,M2016011697-0,230-00,"Condominium,Townhouse",CONDOMINIUM,Single-family,unit,0.0,0.0,0.0,0.0,0.0,2016
172,1,In,Collected,0.0,M2016011721-0,220-00,Apartment (Rentals),MULTI-FAMILY 10 OR MORE,Multifamily,unit,29421.840000000004,36979.96880902529,28485.600000000002,7558.128809025286,8494.368809025287,2016
173,1,In,Collected,0.0,M2016011721-0,230-00,"Condominium,Townhouse",CONDOMINIUM,Single-family,unit,-10262.196,-11841.673072179681,-9935.64,-1579.4770721796813,-1906.0330721796818,2016
174,1,In,Collected,0.0,M2016011723-0,222-00,High-Rise Apart or Condo over 3 floors,MULTI-FAMILY 10 OR MORE,Multifamily,unit,110331.9,134885.95180341188,18539.58,24554.051803411887,116346.37180341188,2016
175,1,In,Collected,0.0,M2016012139-0,210-00,Single Family Detached,SINGLE FAMILY RESIDENTIAL,Single-family,unit,0.0,0.0,0.0,0.0,0.0,2016
176,1,In,Collected,0.0,M2016012208-0,210-00,Single Family Detached,SINGLE FAMILY RESIDENTIAL,Single-family,unit,0.0,0.0,0.0,0.0,0.0,2016
177,1,In,Collected,0.0,M2016012378-0,220-00,Apartment (Rentals),MULTI-FAMILY 10 OR MORE,Multifamily,unit,5884.368000000002,7395.993761805061,5697.119999999995,1511.6257618050586,1698.8737618050654,2016
178,1,In,Collected,0.0,M2016012592-0,220-00,Apartment (Rentals),MULTI-FAMILY 10 OR MORE,Multifamily,unit,88265.52000000002,110939.90642707585,85456.79999999999,22674.386427075835,25483.106427075865,2016
179,1,In,Collected,0.0,M2016012677-0,820-00,"Shopping Center/General Retail [1-10,000]","STORES, ONE STORY",Commercial/Retail,sq. ft.,-12661.965043,-11521.037534886083,-12259.04137332714,1140.9275081139167,738.0038384410564,2016
180,1,In,Collected,0.0,M2016012677-0,937-00,Coffee/Donut Shop,DRIVE-IN RESTAURANTS,Commercial/Retail,sq. ft.,39495.996176,57083.12920110917,38239.17137332714,17587.13302510917,18843.957827782033,2016
181,1,In,Collected,0.0,M2016012686-0,210-00,Single Family Detached,SINGLE FAMILY RESIDENTIAL,Single-family,unit,0.0,0.0,0.0,0.0,0.0,2016
182,1,In,Collected,0.0,M2016012839-0,210-00,Single Family Detached,SINGLE FAMILY RESIDENTIAL,Single-family,unit,4190.249000000001,4769.001442038233,4056.91,578.7524420382324,712.0914420382333,2016
183,1,In,Collected,0.0,M2016012871-0,210-00,Single Family Detached,SINGLE FAMILY RESIDENTIAL,Single-family,unit,0.0,0.0,0.0,0.0,0.0,2016
184,1,In,Collected,0.0,M2016013070-0,150-00,Warehousing,"WAREHOUSING, DISTRIBUTION TERMINALS",Industrial/Manufacturing,sq. ft.,-3628.285948,-1326.200156913175,-3512.8361537633245,2302.0857910868253,2186.6359968501492,2016
185,1,In,Collected,0.0,M2016013070-0,932-00,High Turnover Rest.,DRIVE-IN RESTAURANTS,Commercial/Retail,sq. ft.,37618.76167,8876.501846778647,36421.756153763316,-28742.259823221353,-27545.25430698467,2016
186,1,In,Collected,0.0,M2016013117-0,150-00,Warehousing,"WAREHOUSING, DISTRIBUTION TERMINALS",Industrial/Manufacturing,sq. ft.,-20241.091584,-7398.462860842506,-19597.081010841834,12842.628723157495,12198.618149999327,2016
187,1,In,Collected,0.0,M2016013117-0,710-00,"General Office Building [1-50,000]","OFFICE, ONE STORY",Office,sq. ft.,62928.42393600001,58849.08448102432,60926.23101084183,-4079.339454975685,-2077.14652981751,2016
188,1,In,Collected,0.0,M2016013141-0,820-01,"Shopping Center/General Retail [10,001 -50,000]","STORES, ONE STORY",Commercial/Retail,sq. ft.,-22327.986240000002,-14511.669598431099,-21616.604961505567,7816.316641568903,7104.935363074468,2016
189,1,In,Collected,0.0,M2016013141-0,911-00,Bank (Walk-in),"RESTAURANTS, CAFETERIAS",Commercial/Retail,sq. ft.,25453.15577,2103.2250248603746,24642.204961505566,-23349.930745139627,-22538.97993664519,2016
190,1,In,Collected,0.0,M2016013218-0,220-00,Apartment (Rentals),MULTI-FAMILY 10 OR MORE,Multifamily,unit,-258912.192,-325423.72551942256,-250672.96453652816,-66511.53351942255,-74750.7609828944,2016
191,1,In,Collected,0.0,M2016013218-0,230-00,"Condominium,Townhouse",CONDOMINIUM,Single-family,unit,-10262.196,-11841.673072179681,-9935.627496347877,-1579.4770721796813,-1906.045575831804,2016
192,1,In,Collected,0.0,M2016013218-0,253-00,Congregate Care Facility,"SANITARIUM, CONVALESCENT & REST HOME",Other,unit,252064.82000000004,285735.93385771447,244043.49287949468,33671.11385771443,41692.44097821979,2016
193,1,In,Collected,0.0,M2016013218-0,560-00,Church/Synagogue,"CHURCHES, TEMPLES",Other,sq. ft.,84603.302931,45154.186608326076,81911.01620774857,-39449.11632267392,-36756.8295994225,2016
194,1,In,Collected,0.0,M2016013218-0,565-00,Day Care Center,PRIVATE SCHOOLS & COLLEGES,Other,sq. ft.,27974.263317000004,172556.0027075162,27084.05294563279,144581.7393905162,145471.9497618834,2016
195,1,In,Collected,0.0,M2016013690-0,820-00,"Shopping Center/General Retail [1-10,000]","STORES, ONE STORY",Commercial/Retail,sq. ft.,-14213.757368999999,-12933.00302156052,-13761.465795387461,1280.7543474394788,828.462773826941,2016
196,1,In,Collected,0.0,M2016013690-0,932-01,High turnover Rest/Seats,"RESTAURANTS, CAFETERIAS",Commercial/Retail,seats,27767.600000000002,8372.550918128958,26884.015795387462,-19395.049081871046,-18511.464877258506,2016
197,1,In,Collected,0.0,M2016013832-0,220-00,Apartment (Rentals),MULTI-FAMILY 10 OR MORE,Multifamily,unit,100034.256,125731.89395068599,96851.04000000001,25697.637950685996,28880.85395068598,2016
198,1,In,Collected,0.0,M2016014112-0,210-00,Single Family Detached,SINGLE FAMILY RESIDENTIAL,Single-family,unit,-8380.498000000001,-9538.002884076466,-8113.820000000007,-1157.5048840764648,-1424.1828840764592,2016
199,1,In,Collected,0.0,M2016014112-0,230-00,"Condominium,Townhouse",CONDOMINIUM,Single-family,unit,10262.196,11841.673072179681,9935.640000000007,1579.4770721796813,1906.0330721796745,2016
200,1,In,Collected,0.0,M2016014120-0,220-00,Apartment (Rentals),MULTI-FAMILY 10 OR MORE,Multifamily,unit,29421.840000000004,36979.96880902529,28485.600000000002,7558.128809025286,8494.368809025287,2016
201,1,In,Collected,0.0,M2016014631-0,710-00,"General Office Building [1-50,000]","OFFICE, ONE STORY",Office,sq. ft.,-16974.833106000002,-15874.438370206864,-16434.46573795962,1100.3947357931374,560.0273677527566,2016
202,1,In,Collected,0.0,M2016014631-0,820-00,"Shopping Center/General Retail [1-10,000]","STORES, ONE STORY",Commercial/Retail,sq. ft.,20519.977247,18670.990424854503,19866.755737959622,-1848.9868221454963,-1195.7653131051193,2016
203,1,In,Collected,0.0,M2016014697-0,820-00,"Shopping Center/General Retail [1-10,000]","STORES, ONE STORY",Commercial/Retail,sq. ft.,-31778.725824999998,-28915.25065796051,-30767.5406658538,2863.475167039487,1852.2900078932907,2016
204,1,In,Collected,0.0,M2016014697-0,932-01,High turnover Rest/Seats,"RESTAURANTS, CAFETERIAS",Commercial/Retail,seats,41651.4,12558.826377193436,40326.070665853804,-29092.573622806565,-27767.244288660368,2016
205,1,In,Collected,0.0,M2016014740-0,210-00,Single Family Detached,SINGLE FAMILY RESIDENTIAL,Single-family,unit,-41902.490000000005,-47690.01442038233,-40569.159302614215,-5787.524420382324,-7120.855117768115,2016
206,1,In,Collected,0.0,M2016014740-0,222-00,High-Rise Apart or Condo over 3 floors,MULTI-FAMILY 10 OR MORE,Multifamily,unit,643602.75,786834.718853236,623123.4108605619,143231.96885323594,163711.30799267406,2016
207,1,In,Collected,0.0,M2016014740-0,230-00,"Condominium,Townhouse",CONDOMINIUM,Single-family,unit,-41048.784,-47366.692288718725,-39742.618094404446,-6317.908288718725,-7624.074194314278,2016
208,1,In,Collected,0.0,M2016014740-0,820-01,"Shopping Center/General Retail [10,001 -50,000]","STORES, ONE STORY",Commercial/Retail,sq. ft.,434223.82080000004,282215.8949529142,420406.8865364566,-152007.92584708583,-138190.99158354237,2016
209,1,In,Collected,0.0,M2016015106-0,230-00,"Condominium,Townhouse",CONDOMINIUM,Single-family,unit,10262.196,11841.673072179681,9935.64,1579.4770721796813,1906.0330721796818,2016
210,1,In,Collected,0.0,M2016015319-0,150-00,Warehousing,"WAREHOUSING, DISTRIBUTION TERMINALS",Industrial/Manufacturing,sq. ft.,4660.546478,1703.508918262565,4512.22,-2957.037559737435,-2808.711081737435,2016
211,1,In,Collected,0.0,M2016015345-0,150-00,Warehousing,"WAREHOUSING, DISTRIBUTION TERMINALS",Industrial/Manufacturing,sq. ft.,-26443.439960000003,-9665.526567333309,-25601.998349325313,16777.913392666695,15936.471781992004,2016
212,1,In,Collected,0.0,M2016015345-0,820-00,"Shopping Center/General Retail [1-10,000]","STORES, ONE STORY",Commercial/Retail,sq. ft.,78695.681043,71604.67526571311,76191.55069119521,-7091.0057772868895,-4586.875425482096,2016
213,1,In,Collected,0.0,M2016015345-0,932-01,High turnover Rest/Seats,"RESTAURANTS, CAFETERIAS",Commercial/Retail,seats,33321.12,10047.061101754749,32260.827658130096,-23274.058898245254,-22213.766556375347,2016
214,1,In,Collected,0.0,M2016015359-0,210-00,Single Family Detached,SINGLE FAMILY RESIDENTIAL,Single-family,unit,-41902.490000000005,-47690.01442038233,-40569.09630466637,-5787.524420382324,-7120.918115715962,2016
215,1,In,Collected,0.0,M2016015359-0,220-00,Apartment (Rentals),MULTI-FAMILY 10 OR MORE,Multifamily,unit,-188299.776,-236671.80037776186,-182307.82339405376,-48372.024377761845,-54363.9769837081,2016
216,1,In,Collected,0.0,M2016015359-0,222-00,High-Rise Apart or Condo over 3 floors,MULTI-FAMILY 10 OR MORE,Multifamily,unit,1213650.9,1483745.4698375307,1175030.892969487,270094.56983753084,308714.57686804375,2016
217,1,In,Collected,0.0,M2016015359-0,230-00,"Condominium,Townhouse",CONDOMINIUM,Single-family,unit,-41048.784,-47366.692288718725,-39742.556379953734,-6317.908288718725,-7624.135908764991,2016
218,1,In,Collected,0.0,M2016015359-0,820-00,"Shopping Center/General Retail [1-10,000]","STORES, ONE STORY",Commercial/Retail,sq. ft.,158646.00269,144350.93964831196,153597.67310918678,-14295.06304168803,-9246.73346087482,2016
219,1,In,Collected,0.0,M2016015510-0,550-00,University (20 SF/St),COLLEGES,Other,student,622998.6000000001,222150.99664794953,603173.2718328924,-400847.60335205053,-381022.2751849429,2016
220,1,In,Collected,0.0,M2016015510-0,710-00,"General Office Building [1-50,000]","OFFICE, ONE STORY",Office,sq. ft.,-275380.1364300001,-257528.5999478853,-266616.8718328924,17851.53648211478,9088.271885007125,2016
221,1,In,Collected,0.0,M2016015595-0,230-00,"Condominium,Townhouse",CONDOMINIUM,Single-family,unit,5131.098,5920.836536089841,0.0,789.7385360898406,5920.836536089841,2016
222,1,In,Collected,0.0,M2016015595-0,820-00,"Shopping Center/General Retail [1-10,000]","STORES, ONE STORY",Commercial/Retail,sq. ft.,-5130.98481749,-4668.648860779588,0.0,462.33595671041166,-4668.648860779588,2016
223,1,In,Collected,0.0,M2016015610-0,710-00,"General Office Building [1-50,000]","OFFICE, ONE STORY",Office,sq. ft.,14721.536676000002,13767.21203787852,14253.099999999999,-954.3246381214813,-485.88796212147827,2016
224,1,In,Collected,0.0,M2016015979-0,560-00,Church/Synagogue,"CHURCHES, TEMPLES",Other,sq. ft.,6983.479027,3727.1986345221785,6761.24,-3256.280392477822,-3034.0413654778213,2016
225,1,In,Collected,0.0,M2016016879-0,220-00,Apartment (Rentals),MULTI-FAMILY 10 OR MORE,Multifamily,unit,11768.736,14791.987523610116,11394.23354409063,3023.2515236101153,3397.753979519486,2016
226,1,In,Collected,0.0,M2016016879-0,820-00,"Shopping Center/General Retail [1-10,000]","STORES, ONE STORY",Commercial/Retail,sq. ft.,146116.105079,132950.06938888752,141466.42645590936,-13166.035690112476,-8516.357067021832,2016
227,1,In,Collected,0.0,M2016016993-0,820-00,"Shopping Center/General Retail [1-10,000]","STORES, ONE STORY",Commercial/Retail,sq. ft.,-16425.886855,-14945.804885543224,-15903.204407324294,1480.0819694567763,957.3995217810698,2016
228,1,In,Collected,0.0,M2016016993-0,932-01,High turnover Rest/Seats,"RESTAURANTS, CAFETERIAS",Commercial/Retail,seats,40263.020000000004,12140.198831286989,38981.8244073243,-28122.821168713017,-26841.62557603731,2016
229,1,In,Collected,0.0,M2016017094-0,220-00,Apartment (Rentals),MULTI-FAMILY 10 OR MORE,Multifamily,unit,-23537.472,-29583.975047220232,-22788.48,-6046.503047220231,-6795.495047220233,2016
230,1,In,Collected,0.0,M2016017094-0,520-00,Elementary School (30 SF/St),PUBLIC COUNTY SCHOOLS,Other,student,3137.148,31391.64602862863,3037.3199999999997,28254.49802862863,28354.32602862863,2016
231,1,In,Collected,0.0,M2016017094-0,530-00,High School (25 SF/St),PUBLIC COUNTY SCHOOLS,Other,student,61971.966,118009.33599651132,59999.939999999995,56037.36999651132,58009.395996511324,2016
232,1,In,Collected,0.0,M2016017391-0,210-00,Single Family Detached,SINGLE FAMILY RESIDENTIAL,Single-family,unit,8380.498000000001,9538.002884076466,8113.82,1157.5048840764648,1424.1828840764665,2016
233,1,In,Collected,0.0,M2016017687-0,220-00,Apartment (Rentals),MULTI-FAMILY 10 OR MORE,Multifamily,unit,64728.048,81355.93137985564,1228.7862933768504,16627.883379855637,80127.14508647879,2016
234,1,In,Collected,0.0,M2016017687-0,230-00,"Condominium,Townhouse",CONDOMINIUM,Single-family,unit,-5131.098,-5920.836536089841,-97.40789483367968,-789.7385360898406,-5823.4286412561605,2016
235,1,In,Collected,0.0,M2016017687-0,820-00,"Shopping Center/General Retail [1-10,000]","STORES, ONE STORY",Commercial/Retail,sq. ft.,16062.701417,14615.344878023676,304.93160145682924,-1447.3565389763244,14310.413276566847,2016
236,1,In,Collected,0.0,M2016017687-1,220-00,Apartment (Rentals),MULTI-FAMILY 10 OR MORE,Multifamily,unit,5884.368,7395.993761805058,5697.119999999996,1511.6257618050577,1698.8737618050618,2016
237,1,In,Collected,0.0,M2016017687-1,230-00,"Condominium,Townhouse",CONDOMINIUM,Single-family,unit,-5131.098,-5920.836536089841,-4967.819999999997,-789.7385360898406,-953.0165360898436,2016
238,1,In,Collected,0.0,M2016017980-0,210-00,Single Family Detached,SINGLE FAMILY RESIDENTIAL,Single-family,unit,0.0,0.0,0.0,0.0,0.0,2016
239,1,In,Collected,0.0,M2016017994-0,150-00,Warehousing,"WAREHOUSING, DISTRIBUTION TERMINALS",Industrial/Manufacturing,sq. ft.,-5095.413680000001,-1862.4602687884783,-4933.280081116974,3232.9534112115225,3070.8198123284956,2016
240,1,In,Collected,0.0,M2016017994-0,932-00,High Turnover Rest.,DRIVE-IN RESTAURANTS,Commercial/Retail,sq. ft.,52830.222200000004,12465.789518478488,51149.190081116976,-40364.43268152152,-38683.40056263849,2016
241,1,In,Collected,0.0,M2016018131-0,150-00,Warehousing,"WAREHOUSING, DISTRIBUTION TERMINALS",Industrial/Manufacturing,sq. ft.,-3030.8926200000005,-1107.8427460896983,-2934.4493892478367,1923.0498739103023,1826.6066431581385,2016
242,1,In,Collected,0.0,M2016018131-0,820-00,"Shopping Center/General Retail [1-10,000]","STORES, ONE STORY",Commercial/Retail,sq. ft.,11390.81601,10364.427508567664,11028.359389247837,-1026.3885014323369,-663.931880680173,2016
243,1,In,Collected,0.0,M2016018269-0,220-00,Apartment (Rentals),MULTI-FAMILY 10 OR MORE,Multifamily,unit,-11768.736,-14791.987523610116,-2408.5497302078593,-3023.2515236101153,-12383.437793402256,2016
244,1,In,Collected,0.0,M2016018269-0,710-00,"General Office Building [1-50,000]","OFFICE, ONE STORY",Office,sq. ft.,23570.846292000002,22042.864543022566,4823.929730207859,-1527.981748977436,17218.934812814707,2016
245,1,In,Collected,0.0,M2016018336-0,210-00,Single Family Detached,SINGLE FAMILY RESIDENTIAL,Single-family,unit,-8380.498000000001,-9538.002884076466,-8113.841851892606,-1157.5048840764648,-1424.1610321838598,2016
246,1,In,Collected,0.0,M2016018336-0,710-00,"General Office Building [1-50,000]","OFFICE, ONE STORY",Office,sq. ft.,19118.878800000002,17879.49615308899,18510.541851892605,-1239.3826469110136,-631.0456988036167,2016
247,1,In,Collected,0.0,M2017000039-0,230-00,"Condominium,Townhouse",CONDOMINIUM,Single-family,unit,5131.098,5920.836536089842,5131.089999999998,789.7385360898425,789.7465360898441,2016
248,1,In,Collected,0.0,M2017000393-0,210-00,Single Family Detached,SINGLE FAMILY RESIDENTIAL,Single-family,unit,-8380.498000000001,-9538.002884076466,-8380.506907378343,-1157.5048840764648,-1157.4959766981228,2016
249,1,In,Collected,0.0,M2017000393-0,230-00,"Condominium,Townhouse",CONDOMINIUM,Single-family,unit,10262.196,11841.673072179681,10262.206907378344,1579.4770721796813,1579.466164801337,2016
250,1,In,Collected,0.0,M2017000424-0,220-00,Apartment (Rentals),MULTI-FAMILY 10 OR MORE,Multifamily,unit,88265.52,110939.90642707587,85094.5309090909,22674.386427075864,25845.37551798497,2016
251,1,In,Collected,0.0,M2017000424-0,231-00,Duplex,MULTI-FAMILY LESS THAN 10,Multifamily,unit,-7355.46,-6951.425830767595,-7091.210909090908,404.0341692324055,139.78507832331343,2016
252,1,In,Collected,0.0,M2017000427-0,150-00,Warehousing,"WAREHOUSING, DISTRIBUTION TERMINALS",Industrial/Manufacturing,sq. ft.,-26201.847070000003,-9577.22026148558,-26201.72238201531,16624.626808514426,16624.50212052973,2016
253,1,In,Collected,0.0,M2017000427-0,710-00,"General Office Building [1-50,000]","OFFICE, ONE STORY",Office,sq. ft.,81460.08003000001,76179.42468083986,81459.69238201532,-5280.655349160152,-5280.267701175457,2016
254,1,In,Collected,0.0,M2017000446-0,150-00,Warehousing,"WAREHOUSING, DISTRIBUTION TERMINALS",Industrial/Manufacturing,sq. ft.,-10362.138682,-3787.537736268983,-10362.115111038836,6574.600945731017,6574.577374769853,2016
255,1,In,Collected,0.0,M2017000446-0,710-00,"General Office Building [1-50,000]","OFFICE, ONE STORY",Office,sq. ft.,11484.983622000002,10740.46876053417,11484.957496881314,-744.5148614658319,-744.4887363471444,2016
256,1,In,Collected,0.0,M2017000446-0,820-00,"Shopping Center/General Retail [1-10,000]","STORES, ONE STORY",Commercial/Retail,sq. ft.,65604.496846,59693.09408557666,65604.34761415752,-5911.402760423334,-5911.253528580863,2016
257,1,In,Collected,0.0,M2017000482-0,220-00,Apartment (Rentals),MULTI-FAMILY 10 OR MORE,Multifamily,unit,35306.208,44375.96257083035,35306.218638184255,9069.754570830351,9069.743932646095,2016
258,1,In,Collected,0.0,M2017000482-0,230-00,"Condominium,Townhouse",CONDOMINIUM,Single-family,unit,-15393.294,-17762.509608269524,-15393.29863818425,-2369.2156082695237,-2369.2109700852743,2016
259,1,In,Collected,0.0,M2017000490-0,150-00,Warehousing,"WAREHOUSING, DISTRIBUTION TERMINALS",Industrial/Manufacturing,sq. ft.,-35768.925514,-13074.149973055672,-35768.834211873705,22694.77554094433,22694.684238818034,2016
260,1,In,Collected,0.0,M2017000490-0,820-00,"Shopping Center/General Retail [1-10,000]","STORES, ONE STORY",Commercial/Retail,sq. ft.,134428.137347,122315.26551053114,134427.7942118737,-12112.871836468868,-12112.528701342555,2016
261,1,In,Collected,0.0,M2017000949-0,210-00,Single Family Detached,SINGLE FAMILY RESIDENTIAL,Single-family,unit,0.0,0.0,0.0,0.0,0.0,2016
262,1,In,Collected,0.0,M2017001010-0,150-00,Warehousing,"WAREHOUSING, DISTRIBUTION TERMINALS",Industrial/Manufacturing,sq. ft.,-3650.2489380000006,-1334.2280028993318,-3650.247706774928,2316.020935100669,2316.019703875596,2016
263,1,In,Collected,0.0,M2017001010-0,820-01,"Shopping Center/General Retail [10,001 -50,000]","STORES, ONE STORY",Commercial/Retail,sq. ft.,375184.18425600004,243844.1542357367,375184.0577067749,-131340.03002026334,-131339.9034710382,2016
264,1,In,Collected,0.0,M2017001093-0,710-00,"General Office Building [1-50,000]","OFFICE, ONE STORY",Office,sq. ft.,-17206.990920000004,-16091.546537780088,-17207.077941176474,1115.4443822199155,1115.531403396386,2016
265,1,In,Collected,0.0,M2017001093-0,720-00,Medical Office Building,PROFESSIONAL BUILDING,Office,sq. ft.,39732.777,14741.4010418589,39732.97794117647,-24991.3759581411,-24991.576899317566,2016
266,1,In,Collected,0.0,M2017001273-0,210-00,Single Family Detached,SINGLE FAMILY RESIDENTIAL,Single-family,unit,0.0,0.0,0.0,0.0,0.0,2016
267,1,In,Collected,0.0,M2017001301-0,210-00,Single Family Detached,SINGLE FAMILY RESIDENTIAL,Single-family,unit,8380.498000000001,9538.002884076466,8380.5,1157.5048840764648,1157.5028840764662,2016
268,1,In,Collected,0.0,M2017001345-0,210-00,Single Family Detached,SINGLE FAMILY RESIDENTIAL,Single-family,unit,0.0,0.0,0.0,0.0,0.0,2016
269,1,In,Collected,0.0,M2017001354-0,210-00,Single Family Detached,SINGLE FAMILY RESIDENTIAL,Single-family,unit,0.0,0.0,0.0,0.0,0.0,2016
270,1,In,Collected,0.0,M2017001762-0,710-00,"General Office Building [1-50,000]","OFFICE, ONE STORY",Office,sq. ft.,8084.554464000001,7560.472659020488,8084.530000000006,-524.0818049795125,-524.0573409795179,2016
271,1,In,Collected,0.0,M2017001906-0,310-00,Hotel,"HOTELS, MOTELS",Commercial/Retail,room,1194987.528,1292358.975525903,1194987.5293280173,97371.44752590312,97371.44619788579,2016
272,1,In,Collected,0.0,M2017001906-0,320-00,Motel,"HOTELS, MOTELS",Commercial/Retail,room,-295159.249,-125236.80693657606,-295159.24932801735,169922.44206342395,169922.4423914413,2016
273,1,In,Collected,0.0,M2017001934-0,222-00,High-Rise Apart or Condo over 3 floors,MULTI-FAMILY 10 OR MORE,Multifamily,unit,1423281.51,1740028.7782640134,1423281.4166194864,316747.26826401334,316747.36164452694,2016
274,1,In,Collected,0.0,M2017001934-0,820-01,"Shopping Center/General Retail [10,001 -50,000]","STORES, ONE STORY",Commercial/Retail,sq. ft.,364513.627296,236909.01931714948,364513.60338051355,-127604.60797885054,-127604.58406336408,2016
275,1,In,Collected,0.0,M2017002548-0,230-00,"Condominium,Townhouse",CONDOMINIUM,Single-family,unit,0.0,0.0,0.0,0.0,0.0,2016
276,1,In,Collected,0.0,M2017002628-1,220-00,Apartment (Rentals),MULTI-FAMILY 10 OR MORE,Multifamily,unit,11768.735999999997,14791.987523610118,11768.740000000002,3023.251523610121,3023.2475236101163,2016
277,1,In,Collected,0.0,M2017003106-0,150-00,Warehousing,"WAREHOUSING, DISTRIBUTION TERMINALS",Industrial/Manufacturing,sq. ft.,-65427.74721000001,-23914.9531927624,-65427.69585347713,41512.79401723761,41512.742660714735,2016
278,1,In,Collected,0.0,M2017003106-0,820-01,"Shopping Center/General Retail [10,001 -50,000]","STORES, ONE STORY",Commercial/Retail,sq. ft.,183743.29008,119420.61804896752,183743.14585347712,-64322.67203103249,-64322.527804509606,2016
279,2,In,Assessed,0.0,C2012090118-0,710-00,"General Office Building [1-50,000]","OFFICE, ONE STORY",Office,sq. ft.,-22642.215036000005,-26587.29961807916,-9711.555970999496,-3945.0845820791546,-16875.743647079664,2016
280,2,In,Assessed,0.0,C2012090118-0,820-00,"Shopping Center/General Retail [1-10,000]","STORES, ONE STORY",Commercial/Retail,sq. ft.,27370.975282,31271.1042126415,11739.785970999497,3900.128930641502,19531.318241642002,2016
281,2,In,Assessed,0.0,C2014078445-0,150-00,Warehousing,"WAREHOUSING, DISTRIBUTION TERMINALS",Industrial/Manufacturing,sq. ft.,7199.468122000001,3129.954233279249,4280.41,-4069.513888720752,-1150.455766720751,2016
282,2,In,Assessed,0.0,C2014151317-1,710-00,"General Office Building [1-50,000]","OFFICE, ONE STORY",Office,sq. ft.,-57220.07298000001,-67189.85850407218,-41870.98154990086,-9969.78552407217,-25318.87695417132,2016
283,2,In,Assessed,0.0,C2014151317-1,720-00,Medical Office Building,PROFESSIONAL BUILDING,Office,sq. ft.,132127.25050000002,61552.359049444276,96684.56154990087,-70574.89145055575,-35132.202500456595,2016
284,2,In,Assessed,0.0,C2015053309-0,230-00,"Condominium,Townhouse",CONDOMINIUM,Single-family,unit,10262.196,12915.883434628091,7509.4,2653.687434628091,5406.483434628091,2016
285,2,In,Assessed,0.0,C2015117906-0,150-00,Warehousing,"WAREHOUSING, DISTRIBUTION TERMINALS",Industrial/Manufacturing,sq. ft.,0.0,0.0,0.0,0.0,0.0,2016
286,2,In,Assessed,0.0,C2015117906-0,210-00,Single Family Detached,SINGLE FAMILY RESIDENTIAL,Single-family,unit,0.0,0.0,0.0,0.0,0.0,2016
287,2,In,Assessed,0.0,C2015120611-0,150-00,Warehousing,"WAREHOUSING, DISTRIBUTION TERMINALS",Industrial/Manufacturing,sq. ft.,79295.179096,34473.419047685784,65277.865115778666,-44821.76004831422,-30804.446068092882,2016
288,2,In,Assessed,0.0,C2015120611-0,210-00,Single Family Detached,SINGLE FAMILY RESIDENTIAL,Single-family,unit,-8380.498000000001,-10403.237169188493,-6899.04511577866,-2022.7391691884914,-3504.1920534098326,2016
289,2,In,Assessed,0.0,C2016002285-0,210-00,Single Family Detached,SINGLE FAMILY RESIDENTIAL,Single-family,unit,8380.498000000001,10403.237169188493,7302.437999999998,2022.7391691884914,3100.7991691884945,2016
290,2,In,Assessed,0.0,C2016002285-0,230-00,"Condominium,Townhouse",CONDOMINIUM,Single-family,unit,-5131.098,-6457.9417173140455,-4471.037999999999,-1326.8437173140455,-1986.9037173140468,2016
291,2,In,Assessed,0.0,C2016036329-0,150-00,Warehousing,"WAREHOUSING, DISTRIBUTION TERMINALS",Industrial/Manufacturing,sq. ft.,11337.295438000001,4928.866306341513,9878.78,-6408.429131658488,-4949.913693658487,2016
292,2,In,Assessed,0.0,C2016053444-0,230-00,"Condominium,Townhouse",CONDOMINIUM,Single-family,unit,5131.098,6457.9417173140455,4967.82,1326.8437173140455,1490.1217173140458,2016
293,2,In,Assessed,0.0,C2016058839-0,230-00,"Condominium,Townhouse",CONDOMINIUM,Single-family,unit,10262.196,12915.883434628091,9935.64,2653.687434628091,2980.2434346280916,2016
294,2,In,Assessed,0.0,C2016059108-0,820-00,"Shopping Center/General Retail [1-10,000]","STORES, ONE STORY",Commercial/Retail,sq. ft.,9129.161237,10429.988317002864,8838.65,1300.827080002864,1591.3383170028646,2016
295,2,In,Assessed,0.0,C2016066591-0,150-00,Warehousing,"WAREHOUSING, DISTRIBUTION TERMINALS",Industrial/Manufacturing,sq. ft.,3861.0936420000003,1678.6026669020498,3738.21,-2182.4909750979505,-2059.6073330979502,2016
296,2,In,Assessed,0.0,C2016077350-0,140-00,Manufacturing,HEAVY INDUSTRIAL,Industrial/Manufacturing,sq. ft.,-1380.593256,-1759.796699630865,-1336.6659151689432,-379.20344363086497,-423.13078446192185,2016
297,2,In,Assessed,0.0,C2016077350-0,710-00,"General Office Building [1-50,000]","OFFICE, ONE STORY",Office,sq. ft.,5571.787536000001,6542.592427126838,5394.505915168943,970.804891126837,1148.0865119578948,2016
298,2,In,Assessed,0.0,C2016088068-0,820-00,"Shopping Center/General Retail [1-10,000]","STORES, ONE STORY",Commercial/Retail,sq. ft.,-43615.269417999996,-49830.07076586179,-42227.465612981985,-6214.801347861794,-7602.605152879805,2016
299,2,In,Assessed,0.0,C2016088068-0,932-00,High Turnover Rest.,DRIVE-IN RESTAURANTS,Commercial/Retail,sq. ft.,120325.38539,35649.798279923816,116496.72561298197,-84675.58711007619,-80846.92733305815,2016
300,2,In,Assessed,0.0,C2016092065-0,710-00,"General Office Building [1-50,000]","OFFICE, ONE STORY",Office,sq. ft.,5462.536800000001,6414.306301104743,5394.4800000000005,951.7695011047426,1019.8263011047429,2016
301,2,In,Assessed,0.0,C2016093515-1,710-03,"General Office Building [150,001-200,000]",PROFESSIONAL BUILDING,Office,sq. ft.,1433051.0629890002,2396920.7396120117,1523187.14,963869.6766230115,873733.5996120118,2016
302,2,In,Assessed,0.0,C2016115144-0,210-00,Single Family Detached,SINGLE FAMILY RESIDENTIAL,Single-family,unit,0.0,0.0,0.0,0.0,0.0,2016
303,2,In,Assessed,0.0,C2016127536-0,150-00,Warehousing,"WAREHOUSING, DISTRIBUTION TERMINALS",Industrial/Manufacturing,sq. ft.,365688.176098,158982.19638482656,354049.86000000004,-206705.97971317347,-195067.6636151735,2016
304,2,In,Assessed,0.0,C2016151018-0,210-00,Single Family Detached,SINGLE FAMILY RESIDENTIAL,Single-family,unit,8380.498000000001,10403.237169188493,8113.82,2022.7391691884914,2289.417169188493,2016
305,2,In,Assessed,0.0,C2016152467-0,820-00,"Shopping Center/General Retail [1-10,000]","STORES, ONE STORY",Commercial/Retail,sq. ft.,-13883.588789,-15861.880966725876,-13803.985804088617,-1978.2921777258762,-2057.895162637258,2016
306,2,In,Assessed,0.0,C2016152467-0,932-01,High turnover Rest/Seats,"RESTAURANTS, CAFETERIAS",Commercial/Retail,seats,13883.800000000001,5256.422490244167,13804.195804088617,-8627.377509755834,-8547.77331384445,2016
307,2,In,Assessed,0.0,C2016184370-0,210-00,Single Family Detached,SINGLE FAMILY RESIDENTIAL,Single-family,unit,8380.498000000001,10403.237169188493,8113.82,2022.7391691884914,2289.417169188493,2016
308,2,In,Assessed,0.0,C2016185479-0,230-00,"Condominium,Townhouse",CONDOMINIUM,Single-family,unit,10262.196,12915.883434628091,9935.64,2653.687434628091,2980.2434346280916,2016
309,2,In,Assessed,0.0,C2016190822-0,853-00,Convenience market with Gasoline,SERVICE STATIONS,Commercial/Retail,sq. ft.,66386.30544,93701.63684613713,64273.869999999995,27315.331406137135,29427.766846137136,2016
310,2,In,Assessed,0.0,C2017006398-0,220-00,Apartment (Rentals),MULTI-FAMILY 10 OR MORE,Multifamily,unit,141224.832,193606.00697913504,141224.832,52381.174979135045,52381.174979135045,2016
311,2,In,Assessed,0.0,C2017006398-0,230-00,"Condominium,Townhouse",CONDOMINIUM,Single-family,unit,-20524.392,-25831.766869256182,-20524.392,-5307.374869256182,-5307.374869256182,2016
312,2,In,Assessed,0.0,C2017014587-0,560-00,Church/Synagogue,"CHURCHES, TEMPLES",Other,sq. ft.,1587.392457,1007.6855327446603,1587.39,-579.7069242553396,-579.7044672553398,2016
313,2,In,Assessed,0.0,C2017026014-0,150-00,Warehousing,"WAREHOUSING, DISTRIBUTION TERMINALS",Industrial/Manufacturing,sq. ft.,-4866.998584000001,-2115.917809928864,-4866.9874363037925,2751.080774071137,2751.0696263749287,2016
314,2,In,Assessed,0.0,C2017026014-0,820-00,"Shopping Center/General Retail [1-10,000]","STORES, ONE STORY",Commercial/Retail,sq. ft.,18291.339332,20897.698110739915,18291.297436303794,2606.3587787399156,2606.4006744361213,2016
315,2,In,Assessed,0.0,C2017041449-0,150-00,Warehousing,"WAREHOUSING, DISTRIBUTION TERMINALS",Industrial/Manufacturing,sq. ft.,-1730.6836120000003,-752.4112067797583,-1730.6764349489795,978.2724052202419,978.2652281692211,2016
316,2,In,Assessed,0.0,C2017041449-0,710-00,"General Office Building [1-50,000]","OFFICE, ONE STORY",Office,sq. ft.,5380.598748000001,6318.091706588172,5380.57643494898,937.492958588171,937.5152716391922,2016
317,2,In,Assessed,0.0,M2015000170-0,220-00,Apartment (Rentals),MULTI-FAMILY 10 OR MORE,Multifamily,unit,23537.472,32267.66782985584,17484.689132176234,8730.195829855838,14782.978697679606,2016
318,2,In,Assessed,0.0,M2015000170-0,230-00,"Condominium,Townhouse",CONDOMINIUM,Single-family,unit,-10262.196,-12915.883434628091,-7623.219132176234,-2653.687434628091,-5292.664302451857,2016
319,2,In,Assessed,0.0,M2015006355-0,210-00,Single Family Detached,SINGLE FAMILY RESIDENTIAL,Single-family,unit,8380.498000000001,10403.237169188493,6132.46,2022.7391691884914,4270.777169188493,2016
320,2,In,Assessed,0.0,M2015014499-0,140-00,Manufacturing,HEAVY INDUSTRIAL,Industrial/Manufacturing,sq. ft.,-10828.1824,-13802.327055928354,-8914.021617401,-2974.144655928354,-4888.3054385273535,2016
321,2,In,Assessed,0.0,M2015014499-0,932-01,High turnover Rest/Seats,"RESTAURANTS, CAFETERIAS",Commercial/Retail,seats,68030.62000000001,25756.47020219642,56004.45161740099,-42274.14979780359,-30247.981415204573,2016
322,2,In,Assessed,0.0,M2015015394-0,820-01,"Shopping Center/General Retail [10,001 -50,000]","STORES, ONE STORY",Commercial/Retail,sq. ft.,18257.13792,14899.201216111505,15029.7,-3357.9367038884957,-130.49878388849538,2016
323,2,In,Assessed,0.0,M2016004355-0,210-00,Single Family Detached,SINGLE FAMILY RESIDENTIAL,Single-family,unit,-8380.498000000001,-10403.237169188493,-8113.820000000007,-2022.7391691884914,-2289.417169188486,2016
324,2,In,Assessed,0.0,M2016004355-0,230-00,"Condominium,Townhouse",CONDOMINIUM,Single-family,unit,10262.196,12915.883434628091,9935.640000000007,2653.687434628091,2980.2434346280843,2016
325,2,In,Assessed,0.0,M2016004415-0,210-00,Single Family Detached,SINGLE FAMILY RESIDENTIAL,Single-family,unit,0.0,0.0,0.0,0.0,0.0,2016
326,2,In,Assessed,0.0,M2016004647-0,820-00,"Shopping Center/General Retail [1-10,000]","STORES, ONE STORY",Commercial/Retail,sq. ft.,68410.929776,78158.89979323666,66233.97,9747.970017236657,11924.92979323666,2016
327,2,In,Assessed,0.0,M2016005927-0,230-00,"Condominium,Townhouse",CONDOMINIUM,Single-family,unit,0.0,0.0,0.0,0.0,0.0,2016
328,2,In,Assessed,0.0,M2016006498-0,710-00,"General Office Building [1-50,000]","OFFICE, ONE STORY",Office,sq. ft.,-15431.666460000002,-18120.415300620898,-14940.593372438858,-2688.748840620896,-3179.82192818204,2016
329,2,In,Assessed,0.0,M2016006498-0,720-00,Medical Office Building,PROFESSIONAL BUILDING,Office,sq. ft.,35633.36350000001,16600.03955271409,34499.423372438854,-19033.323947285917,-17899.383819724764,2016
330,2,In,Assessed,0.0,M2016006895-0,222-00,High-Rise Apart or Condo over 3 floors,MULTI-FAMILY 10 OR MORE,Multifamily,unit,750256.92,1000429.9472658173,726381.66721052,250173.02726581728,274048.2800552973,2016
331,2,In,Assessed,0.0,M2016006895-0,710-00,"General Office Building [1-50,000]","OFFICE, ONE STORY",Office,sq. ft.,-393917.1849900001,-462551.6631384158,-381381.6493367513,-68634.47814841568,-81170.01380166446,2016
332,2,In,Assessed,0.0,M2016006895-0,820-00,"Shopping Center/General Retail [1-10,000]","STORES, ONE STORY",Commercial/Retail,sq. ft.,55715.947875,63654.99198894153,53942.91212623127,7939.044113941534,9712.079862710263,2016
333,2,In,Assessed,0.0,M2016007401-0,720-00,Medical Office Building,PROFESSIONAL BUILDING,Office,sq. ft.,1478626.9155000001,688828.1899351891,1431574.9483274294,-789798.725564811,-742746.7583922403,2016
334,2,In,Assessed,0.0,M2016007401-0,820-00,"Shopping Center/General Retail [1-10,000]","STORES, ONE STORY",Commercial/Retail,sq. ft.,138472.702452,158203.8734231827,134066.30826170795,19731.1709711827,24137.565161474748,2016
335,2,In,Assessed,0.0,M2016007401-0,911-00,Bank (Walk-in),"RESTAURANTS, CAFETERIAS",Commercial/Retail,sq. ft.,-23850.028832000004,-2474.545687691038,-23091.087707701143,21375.483144308964,20616.542020010103,2016
336,2,In,Assessed,0.0,M2016007401-0,932-00,High Turnover Rest.,DRIVE-IN RESTAURANTS,Commercial/Retail,sq. ft.,-137722.92408,-40804.3111273617,-133340.38888143617,96918.6129526383,92536.07775407447,2016
337,2,In,Assessed,0.0,M2016008576-0,820-00,"Shopping Center/General Retail [1-10,000]","STORES, ONE STORY",Commercial/Retail,sq. ft.,-65753.072707,-75122.32091613456,-63660.8613017601,-9369.24820913456,-11461.459614374457,2016
338,2,In,Assessed,0.0,M2016008576-0,932-00,High Turnover Rest.,DRIVE-IN RESTAURANTS,Commercial/Retail,sq. ft.,181398.943985,53744.56720247409,175626.97130176012,-127654.3767825259,-121882.40409928602,2016
339,2,In,Assessed,0.0,M2016008957-0,210-00,Single Family Detached,SINGLE FAMILY RESIDENTIAL,Single-family,unit,-8380.498000000001,-10403.237169188493,-8113.820000000007,-2022.7391691884914,-2289.417169188486,2016
340,2,In,Assessed,0.0,M2016008957-0,230-00,"Condominium,Townhouse",CONDOMINIUM,Single-family,unit,10262.196,12915.883434628091,9935.640000000007,2653.687434628091,2980.2434346280843,2016
341,2,In,Assessed,0.0,M2016009244-0,150-00,Warehousing,"WAREHOUSING, DISTRIBUTION TERMINALS",Industrial/Manufacturing,sq. ft.,36889.038004,16037.434808468048,35715.01,-20851.603195531956,-19677.575191531956,2016
342,2,In,Assessed,0.0,M2016009474-0,150-00,Warehousing,"WAREHOUSING, DISTRIBUTION TERMINALS",Industrial/Manufacturing,sq. ft.,-3689.7823200000003,-1604.1254154695357,-3572.371120321834,2085.6569045304645,1968.2457048522983,2016
343,2,In,Assessed,0.0,M2016009474-0,820-00,"Shopping Center/General Retail [1-10,000]","STORES, ONE STORY",Commercial/Retail,sq. ft.,13867.08036,15843.020228358782,13425.821120321834,1975.9398683587824,2417.199108036948,2016
344,2,In,Assessed,0.0,M2016009547-0,820-00,"Shopping Center/General Retail [1-10,000]","STORES, ONE STORY",Commercial/Retail,sq. ft.,-62236.77733,-71104.98364394357,-17682.81,-8868.206313943578,-53422.17364394358,2016
345,2,In,Assessed,0.0,M2016010286-0,150-00,Warehousing,"WAREHOUSING, DISTRIBUTION TERMINALS",Industrial/Manufacturing,sq. ft.,-40903.872576,-17782.876034347995,-39602.46213564852,23120.996541652006,21819.586101300527,2016
346,2,In,Assessed,0.0,M2016010286-0,220-00,Apartment (Rentals),MULTI-FAMILY 10 OR MORE,Multifamily,unit,23537.472,32267.66782985584,22788.596407759534,8730.195829855838,9479.071422096305,2016
347,2,In,Assessed,0.0,M2016010286-0,710-00,"General Office Building [1-50,000]","OFFICE, ONE STORY",Office,sq. ft.,79206.78360000001,93007.44136601877,76686.715727889,13800.657766018761,16320.725638129778,2016
348,2,In,Assessed,0.0,M2016010752-0,140-00,Manufacturing,HEAVY INDUSTRIAL,Industrial/Manufacturing,sq. ft.,8621.940236,10990.102918282952,8347.5,2368.162682282951,2642.6029182829516,2016
349,2,In,Assessed,0.0,M2016011667-0,210-00,Single Family Detached,SINGLE FAMILY RESIDENTIAL,Single-family,unit,-14246.846600000003,-17685.503187620438,0.0,-3438.656587620435,-17685.503187620438,2016
350,2,In,Assessed,0.0,M2016011667-0,560-00,Church/Synagogue,"CHURCHES, TEMPLES",Other,sq. ft.,14317.965627,9089.123963667183,0.0,-5228.841663332816,9089.123963667183,2016
351,2,In,Assessed,0.0,M2016012165-0,222-00,High-Rise Apart or Condo over 3 floors,MULTI-FAMILY 10 OR MORE,Multifamily,unit,514882.2,686569.5716530118,498497.65696589486,171687.37165301183,188071.91468711698,2016
352,2,In,Assessed,0.0,M2016012165-0,710-00,"General Office Building [1-50,000]","OFFICE, ONE STORY",Office,sq. ft.,-163766.85326400003,-192300.9029071202,-158555.47665229352,-28534.049643120175,-33745.426254826685,2016
353,2,In,Assessed,0.0,M2016012165-0,820-00,"Shopping Center/General Retail [1-10,000]","STORES, ONE STORY",Commercial/Retail,sq. ft.,129178.45692499999,147585.27772250888,125067.74968639869,18406.820797508888,22517.52803611019,2016
354,2,In,Assessed,0.0,M2016012738-0,210-00,Single Family Detached,SINGLE FAMILY RESIDENTIAL,Single-family,unit,0.0,0.0,0.0,0.0,0.0,2016
355,2,In,Assessed,0.0,M2016012923-0,220-00,Apartment (Rentals),MULTI-FAMILY 10 OR MORE,Multifamily,unit,-70612.416,-96803.00348956752,-68365.43999999999,-26190.587489567522,-28437.563489567532,2016
356,2,In,Assessed,0.0,M2016012923-0,932-01,High turnover Rest/Seats,"RESTAURANTS, CAFETERIAS",Commercial/Retail,seats,313773.88,118795.14827951818,303789.19999999995,-194978.73172048182,-184994.05172048177,2016
357,2,In,Assessed,0.0,M2016013944-0,231-00,Duplex,MULTI-FAMILY LESS THAN 10,Multifamily,unit,47810.49,49283.13201335904,64581.66,1472.6420133590436,-15298.527986640962,2016
358,2,In,Assessed,0.0,M2016014071-0,220-00,Apartment (Rentals),MULTI-FAMILY 10 OR MORE,Multifamily,unit,52959.312,72602.25261717563,51274.07999999999,19642.940617175635,21328.172617175645,2016
359,2,In,Assessed,0.0,M2016014452-0,820-00,"Shopping Center/General Retail [1-10,000]","STORES, ONE STORY",Commercial/Retail,sq. ft.,0.0,0.0,0.0,0.0,0.0,2016
360,2,In,Assessed,0.0,M2016014487-0,230-00,"Condominium,Townhouse",CONDOMINIUM,Single-family,unit,10262.196,12915.883434628091,9935.64,2653.687434628091,2980.2434346280916,2016
361,2,In,Assessed,0.0,M2016014519-0,853-00,Convenience market with Gasoline,SERVICE STATIONS,Commercial/Retail,sq. ft.,75376.117635,106390.40016905154,72977.62999999998,31014.28253405154,33412.77016905157,2016
362,2,In,Assessed,0.0,M2016015524-0,220-00,Apartment (Rentals),MULTI-FAMILY 10 OR MORE,Multifamily,unit,-87382.86480000001,-119793.7168183398,-84607.70999999829,-32410.852018339792,-35186.00681834151,2016
363,2,In,Assessed,0.0,M2016015524-0,311-00,All Suites Hotel,"HOTELS, MOTELS",Commercial/Retail,room,87414.76800000001,78641.4199569164,84638.59999999829,-8773.348043083606,-5997.180043081884,2016
364,2,In,Assessed,0.0,M2016015670-0,820-00,"Shopping Center/General Retail [1-10,000]","STORES, ONE STORY",Commercial/Retail,sq. ft.,-35195.970627999995,-40211.09419864396,-34076.10239812234,-5015.123570643962,-6134.991800521617,2016
365,2,In,Assessed,0.0,M2016015670-0,932-01,High turnover Rest/Seats,"RESTAURANTS, CAFETERIAS",Commercial/Retail,seats,41651.4,15769.267470732502,40326.13239812234,-25882.1325292675,-24556.864927389837,2016
366,2,In,Assessed,0.0,M2016016728-0,220-00,Apartment (Rentals),MULTI-FAMILY 10 OR MORE,Multifamily,unit,-164762.304,-225873.67480899088,-131.5402645478918,-61111.370808990876,-225742.134544443,2016
367,2,In,Assessed,0.0,M2016016728-0,222-00,High-Rise Apart or Condo over 3 floors,MULTI-FAMILY 10 OR MORE,Multifamily,unit,1184229.06,1579110.0148019274,945.4456514379724,394880.9548019273,1578164.5691504893,2016
368,2,In,Assessed,0.0,M2016016728-0,231-00,Duplex,MULTI-FAMILY LESS THAN 10,Multifamily,unit,-14710.92,-15164.04061949509,-11.74466647749034,-453.12061949509007,-15152.2959530176,2016
369,2,In,Assessed,0.0,M2016016728-0,610-00,Hospital,HOSPITALS,Other,sq. ft.,-1680599.2908390001,-1262343.5884064932,-1341.7296914952187,418255.70243250695,-1261001.858714998,2016
370,2,In,Assessed,0.0,M2016016728-0,820-02,"Shopping Center/General Retail [50,001 -100,000]","STORES, ONE STORY",Commercial/Retail,sq. ft.,681667.866978,435515.3195479303,544.2189710826285,-246152.5474300697,434971.1005768477,2016
371,2,In,Assessed,0.0,M2016017299-0,820-01,"Shopping Center/General Retail [10,001 -50,000]","STORES, ONE STORY",Commercial/Retail,sq. ft.,365845.90492800006,298557.8449096073,354205.41000000003,-67288.06001839275,-55647.565090392716,2016
372,2,In,Assessed,0.0,M2016017499-0,150-00,Warehousing,"WAREHOUSING, DISTRIBUTION TERMINALS",Industrial/Manufacturing,sq. ft.,-37490.823930000006,-16299.060025038674,-5.042140863147375,21191.76390496133,-16294.017884175526,2016
373,2,In,Assessed,0.0,M2016017499-0,230-00,"Condominium,Townhouse",CONDOMINIUM,Single-family,unit,10262.196,12915.883434628091,1.3801627271206127,2653.687434628091,12914.50327190097,2016
374,2,In,Assessed,0.0,M2016017499-0,820-00,"Shopping Center/General Retail [1-10,000]","STORES, ONE STORY",Commercial/Retail,sq. ft.,45117.536457,51546.39795726732,6.067857421302106,6428.861500267318,51540.33009984602,2016
375,2,In,Assessed,0.0,M2016017499-0,932-00,High Turnover Rest.,DRIVE-IN RESTAURANTS,Commercial/Retail,sq. ft.,143461.37925,42504.49075766844,19.294120714724652,-100956.88849233155,42485.19663695372,2016
376,2,In,Assessed,0.0,M2016017755-0,222-00,High-Rise Apart or Condo over 3 floors,MULTI-FAMILY 10 OR MORE,Multifamily,unit,22066.38,29424.41021370051,21364.217570865287,7358.030213700509,8060.1926428352235,2016
377,2,In,Assessed,0.0,M2016017755-0,710-00,"General Office Building [1-50,000]","OFFICE, ONE STORY",Office,sq. ft.,20607.420078000003,24197.970520917643,19951.68242913472,3590.55044291764,4246.288091782924,2016
378,2,In,Assessed,0.0,M2017000030-0,210-00,Single Family Detached,SINGLE FAMILY RESIDENTIAL,Single-family,unit,7542.448200000001,9362.913452269644,7542.450000000002,1820.4652522696433,1820.4634522696424,2016
379,2,In,Assessed,0.0,M2017000031-0,210-00,Single Family Detached,SINGLE FAMILY RESIDENTIAL,Single-family,unit,7542.448200000001,9362.913452269644,7542.450000000002,1820.4652522696433,1820.4634522696424,2016
380,2,In,Assessed,0.0,M2017000157-0,210-00,Single Family Detached,SINGLE FAMILY RESIDENTIAL,Single-family,unit,0.0,0.0,0.0,0.0,0.0,2016
381,2,In,Assessed,0.0,M2017001633-0,150-00,Warehousing,"WAREHOUSING, DISTRIBUTION TERMINALS",Industrial/Manufacturing,sq. ft.,-46978.83561,-20423.953950531766,-46978.74621039135,26554.881659468236,26554.792259859583,2016
382,2,In,Assessed,0.0,M2017001633-0,492-00,Health/Fitness,OUTDOOR RECREATIONAL,Other,sq. ft.,12321.840006000002,6574.788353415101,12321.816557831055,-5747.051652584902,-5747.028204415954,2016
383,2,In,Assessed,0.0,M2017001633-0,820-00,"Shopping Center/General Retail [1-10,000]","STORES, ONE STORY",Commercial/Retail,sq. ft.,174626.16196199998,199508.8904471181,174625.8296525603,24882.728485118103,24883.060794557794,2016
384,2,In,Assessed,0.0,M2017003188-0,210-00,Single Family Detached,SINGLE FAMILY RESIDENTIAL,Single-family,unit,-8380.498000000001,-10403.237169188493,-8380.506907378343,-2022.7391691884914,-2022.7302618101494,2016
385,2,In,Assessed,0.0,M2017003188-0,230-00,"Condominium,Townhouse",CONDOMINIUM,Single-family,unit,10262.196,12915.883434628091,10262.206907378344,2653.687434628091,2653.676527249747,2016
386,2,In,Collected,0.0,C2012130901-0,820-00,"Shopping Center/General Retail [1-10,000]","STORES, ONE STORY",Commercial/Retail,sq. ft.,3763.921812,4300.248347697384,1614.38,536.3265356973839,2685.868347697384,2016
387,2,In,Collected,0.0,C2013058033-0,210-00,Single Family Detached,SINGLE FAMILY RESIDENTIAL,Single-family,unit,-8380.498000000001,-10403.237169188493,-3710.7692778649957,-2022.7391691884914,-6692.467891323497,2016
388,2,In,Collected,0.0,C2013058033-0,230-00,"Condominium,Townhouse",CONDOMINIUM,Single-family,unit,10262.196,12915.883434628091,4543.959277864996,2653.687434628091,8371.924156763096,2016
389,2,In,Collected,0.0,C2014165039-0,820-00,"Shopping Center/General Retail [1-10,000]","STORES, ONE STORY",Commercial/Retail,sq. ft.,64531.448961,73726.62627696962,47221.11,9195.177315969617,26505.516276969618,2016
390,2,In,Collected,0.0,C2014166442-0,150-00,Warehousing,"WAREHOUSING, DISTRIBUTION TERMINALS",Industrial/Manufacturing,sq. ft.,-79800.327866,-34693.03145575602,-58394.172859787155,45107.29641024399,23701.141404031136,2016
391,2,In,Collected,0.0,C2014166442-0,310-00,Hotel,"HOTELS, MOTELS",Commercial/Retail,room,1483971.44,1750476.8982562504,1085901.3628597872,266505.4582562505,664575.5353964632,2016
392,2,In,Collected,0.0,C2015071209-0,210-00,Single Family Detached,SINGLE FAMILY RESIDENTIAL,Single-family,unit,0.0,0.0,0.0,0.0,0.0,2016
393,2,In,Collected,0.0,C2015089547-0,230-00,"Condominium,Townhouse",CONDOMINIUM,Single-family,unit,10262.196,12915.883434628091,7509.4,2653.687434628091,5406.483434628091,2016
394,2,In,Collected,0.0,C2015089559-0,230-00,"Condominium,Townhouse",CONDOMINIUM,Single-family,unit,10262.196,12915.883434628091,7509.4,2653.687434628091,5406.483434628091,2016
395,2,In,Collected,0.0,C2015127471-0,565-00,Day Care Center,PRIVATE SCHOOLS & COLLEGES,Other,sq. ft.,16241.741880000001,119160.96826014174,13370.6,102919.22638014174,105790.36826014174,2016
396,2,In,Collected,0.0,C2015163151-0,210-00,Single Family Detached,SINGLE FAMILY RESIDENTIAL,Single-family,unit,-8380.498000000001,-10403.237169188493,-6898.987205651499,-2022.7391691884914,-3504.249963536994,2016
397,2,In,Collected,0.0,C2015163151-0,230-00,"Condominium,Townhouse",CONDOMINIUM,Single-family,unit,10262.196,12915.883434628091,8448.037205651499,2653.687434628091,4467.846228976592,2016
398,2,In,Collected,0.0,C2015174091-0,210-00,Single Family Detached,SINGLE FAMILY RESIDENTIAL,Single-family,unit,0.0,0.0,0.0,0.0,0.0,2016
399,2,In,Collected,0.0,C2015179511-0,210-00,Single Family Detached,SINGLE FAMILY RESIDENTIAL,Single-family,unit,-8380.498000000001,-10403.237169188493,-6898.987205651499,-2022.7391691884914,-3504.249963536994,2016
400,2,In,Collected,0.0,C2015179511-0,230-00,"Condominium,Townhouse",CONDOMINIUM,Single-family,unit,10262.196,12915.883434628091,8448.037205651499,2653.687434628091,4467.846228976592,2016
401,2,In,Collected,0.0,C2015187837-0,210-00,Single Family Detached,SINGLE FAMILY RESIDENTIAL,Single-family,unit,8380.498000000001,10403.237169188493,6899.02,2022.7391691884914,3504.2171691884923,2016
402,2,In,Collected,0.0,C2016032298-0,150-00,Warehousing,"WAREHOUSING, DISTRIBUTION TERMINALS",Industrial/Manufacturing,sq. ft.,3955.5344990000003,1719.6606388456153,3446.694383702096,-2235.873860154385,-1727.0337448564806,2016
403,2,In,Collected,0.0,C2016032298-0,210-00,Single Family Detached,SINGLE FAMILY RESIDENTIAL,Single-family,unit,-8380.498000000001,-10403.237169188493,-7302.430403913575,-2022.7391691884914,-3100.806765274918,2016
404,2,In,Collected,0.0,C2016032298-0,710-00,"General Office Building [1-50,000]","OFFICE, ONE STORY",Office,sq. ft.,61030.19239800001,71663.83714909274,53179.266020211486,10633.644751092732,18484.571128881253,2016
405,2,In,Collected,0.0,C2016041461-0,210-00,Single Family Detached,SINGLE FAMILY RESIDENTIAL,Single-family,unit,-8380.498000000001,-10403.237169188493,-7302.437007372632,-2022.7391691884914,-3100.8001618158605,2016
406,2,In,Collected,0.0,C2016041461-0,853-00,Convenience market with Gasoline,SERVICE STATIONS,Commercial/Retail,sq. ft.,159210.105915,224718.74926321188,138729.43700737262,65508.64334821189,85989.31225583926,2016
407,2,In,Collected,0.0,C2016043649-0,222-00,High-Rise Apart or Condo over 3 floors,MULTI-FAMILY 10 OR MORE,Multifamily,unit,500171.28,666953.2981772115,435829.68,166782.01817721152,231123.61817721155,2016
408,2,In,Collected,0.0,C2016043653-0,222-00,High-Rise Apart or Condo over 3 floors,MULTI-FAMILY 10 OR MORE,Multifamily,unit,500171.28,666953.2981772115,435829.68,166782.01817721152,231123.61817721155,2016
409,2,In,Collected,0.0,C2016049474-0,140-00,Manufacturing,HEAVY INDUSTRIAL,Industrial/Manufacturing,sq. ft.,-288713.180854,-368013.1715830997,-279528.94565188524,-79299.99072909972,-88484.22593121446,2016
410,2,In,Collected,0.0,C2016049474-0,820-03,"Shopping Center/General Retail [100,001-200,000]",COMMUNITY SHOPPING CENTER,Commercial/Retail,sq. ft.,484223.02097400004,740456.1147733037,468819.43565188523,256233.0937993037,271636.6791214185,2016
411,2,In,Collected,0.0,C2016053011-0,210-00,Single Family Detached,SINGLE FAMILY RESIDENTIAL,Single-family,unit,0.0,0.0,0.0,0.0,0.0,2016
412,2,In,Collected,0.0,C2016055051-0,710-00,"General Office Building [1-50,000]","OFFICE, ONE STORY",Office,sq. ft.,-22642.215036000005,-26587.29961807916,-9711.555970999496,-3945.0845820791546,-16875.743647079664,2016
413,2,In,Collected,0.0,C2016055051-0,820-00,"Shopping Center/General Retail [1-10,000]","STORES, ONE STORY",Commercial/Retail,sq. ft.,27370.975282,31271.1042126415,11739.785970999497,3900.128930641502,19531.318241642002,2016
414,2,In,Collected,0.0,C2016056149-0,820-01,"Shopping Center/General Retail [10,001 -50,000]","STORES, ONE STORY",Commercial/Retail,sq. ft.,-15765.285312000002,-12865.661590669259,-15262.940633019669,2899.623721330743,2397.2790423504102,2016
415,2,In,Collected,0.0,C2016056149-0,911-00,Bank (Walk-in),"RESTAURANTS, CAFETERIAS",Commercial/Retail,sq. ft.,17971.896726000003,1864.6635547577516,17399.240633019668,-16107.233171242251,-15534.577078261917,2016
416,2,In,Collected,0.0,C2016058855-0,230-00,"Condominium,Townhouse",CONDOMINIUM,Single-family,unit,10262.196,12915.883434628091,9935.64,2653.687434628091,2980.2434346280916,2016
417,2,In,Collected,0.0,C2016059042-0,210-00,Single Family Detached,SINGLE FAMILY RESIDENTIAL,Single-family,unit,0.0,0.0,0.0,0.0,0.0,2016
418,2,In,Collected,0.0,C2016063156-0,310-00,Hotel,"HOTELS, MOTELS",Commercial/Retail,room,46862.256,55278.217839671066,45371.04,8415.961839671065,9907.177839671065,2016
419,2,In,Collected,0.0,C2016072055-0,210-00,Single Family Detached,SINGLE FAMILY RESIDENTIAL,Single-family,unit,8380.498000000001,10403.237169188493,5606.282663316581,2022.7391691884914,4796.954505871911,2016
420,2,In,Collected,0.0,C2016072055-0,231-00,Duplex,MULTI-FAMILY LESS THAN 10,Multifamily,unit,-3677.73,-3791.0101548737725,-2460.282663316582,-113.28015487377252,-1330.7274915571907,2016
421,2,In,Collected,0.0,C2016072069-0,210-00,Single Family Detached,SINGLE FAMILY RESIDENTIAL,Single-family,unit,4190.249000000001,5201.618584594246,4056.91,1011.3695845942457,1144.7085845942465,2016
422,2,In,Collected,0.0,C2016072086-0,210-00,Single Family Detached,SINGLE FAMILY RESIDENTIAL,Single-family,unit,8380.498000000001,10403.237169188493,8113.819999999998,2022.7391691884914,2289.417169188495,2016
423,2,In,Collected,0.0,C2016072086-0,230-00,"Condominium,Townhouse",CONDOMINIUM,Single-family,unit,-5131.098,-6457.9417173140455,-4967.819999999998,-1326.8437173140455,-1490.1217173140476,2016
424,2,In,Collected,0.0,C2016072102-0,210-00,Single Family Detached,SINGLE FAMILY RESIDENTIAL,Single-family,unit,4190.249000000001,5201.618584594246,4056.91,1011.3695845942457,1144.7085845942465,2016
425,2,In,Collected,0.0,C2016073638-0,150-00,Warehousing,"WAREHOUSING, DISTRIBUTION TERMINALS",Industrial/Manufacturing,sq. ft.,-87373.16681800001,-37985.30790369587,-84593.21562181122,49387.85891430414,46607.90771811535,2016
426,2,In,Collected,0.0,C2016073638-0,710-00,"General Office Building [1-50,000]","OFFICE, ONE STORY",Office,sq. ft.,271638.29872200004,318967.4165881861,262995.5856218112,47329.117866186076,55971.830966374895,2016
427,2,In,Collected,0.0,C2016078060-0,150-00,Warehousing,"WAREHOUSING, DISTRIBUTION TERMINALS",Industrial/Manufacturing,sq. ft.,38479.158480000006,16728.736475610873,37254.530000000006,-21750.422004389133,-20525.793524389133,2016
428,2,In,Collected,0.0,C2016088314-0,210-00,Single Family Detached,SINGLE FAMILY RESIDENTIAL,Single-family,unit,8380.498000000001,10403.237169188493,8113.819999999998,2022.7391691884914,2289.417169188495,2016
429,2,In,Collected,0.0,C2016088314-0,230-00,"Condominium,Townhouse",CONDOMINIUM,Single-family,unit,-5131.098,-6457.9417173140455,-4967.819999999998,-1326.8437173140455,-1490.1217173140476,2016
430,2,In,Collected,0.0,C2016091401-0,230-00,"Condominium,Townhouse",CONDOMINIUM,Single-family,unit,0.0,0.0,0.0,0.0,0.0,2016
431,2,In,Collected,0.0,C2016093515-0,710-03,"General Office Building [150,001-200,000]",PROFESSIONAL BUILDING,Office,sq. ft.,0.0,0.0,0.0,0.0,0.0,2016
432,2,In,Collected,0.0,C2016093906-0,210-00,Single Family Detached,SINGLE FAMILY RESIDENTIAL,Single-family,unit,0.0,0.0,0.0,0.0,0.0,2016
433,2,In,Collected,0.0,C2016101334-0,150-00,Warehousing,"WAREHOUSING, DISTRIBUTION TERMINALS",Industrial/Manufacturing,sq. ft.,38465.980686,16723.00745626991,37241.94420458264,-21742.973229730094,-20518.936748312735,2016
434,2,In,Collected,0.0,C2016101334-0,710-00,"General Office Building [1-50,000]","OFFICE, ONE STORY",Office,sq. ft.,119588.58689400002,140425.2006969356,115783.12579541733,20836.613802935564,24642.074901518252,2016
435,2,In,Collected,0.0,C2016103606-0,210-00,Single Family Detached,SINGLE FAMILY RESIDENTIAL,Single-family,unit,-8380.498000000001,-10403.237169188493,-8113.820000000007,-2022.7391691884914,-2289.417169188486,2016
436,2,In,Collected,0.0,C2016103606-0,230-00,"Condominium,Townhouse",CONDOMINIUM,Single-family,unit,10262.196,12915.883434628091,9935.640000000007,2653.687434628091,2980.2434346280843,2016
437,2,In,Collected,0.0,C2016105400-0,150-00,Warehousing,"WAREHOUSING, DISTRIBUTION TERMINALS",Industrial/Manufacturing,sq. ft.,-1897.6023360000002,-824.9787850986183,-1837.227382015306,1072.6235509013818,1012.2485969166876,2016
438,2,In,Collected,0.0,C2016105400-0,710-00,"General Office Building [1-50,000]","OFFICE, ONE STORY",Office,sq. ft.,5899.539744000001,6927.4508051931225,5711.837382015306,1027.911061193122,1215.613423177817,2016
439,2,In,Collected,0.0,C2016114030-0,210-00,Single Family Detached,SINGLE FAMILY RESIDENTIAL,Single-family,unit,0.0,0.0,0.0,0.0,0.0,2016
440,2,In,Collected,0.0,C2016114131-0,210-00,Single Family Detached,SINGLE FAMILY RESIDENTIAL,Single-family,unit,-8380.498000000001,-10403.237169188493,-8113.820000000007,-2022.7391691884914,-2289.417169188486,2016
441,2,In,Collected,0.0,C2016114131-0,230-00,"Condominium,Townhouse",CONDOMINIUM,Single-family,unit,10262.196,12915.883434628091,9935.640000000007,2653.687434628091,2980.2434346280843,2016
442,2,In,Collected,0.0,C2016115233-0,210-00,Single Family Detached,SINGLE FAMILY RESIDENTIAL,Single-family,unit,8380.498000000001,10403.237169188493,159.09,2022.7391691884914,10244.147169188493,2016
443,2,In,Collected,0.0,C2016127510-0,210-00,Single Family Detached,SINGLE FAMILY RESIDENTIAL,Single-family,unit,-8380.498000000001,-10403.237169188493,-8113.820000000007,-2022.7391691884914,-2289.417169188486,2016
444,2,In,Collected,0.0,C2016127510-0,230-00,"Condominium,Townhouse",CONDOMINIUM,Single-family,unit,10262.196,12915.883434628091,9935.640000000007,2653.687434628091,2980.2434346280843,2016
445,2,In,Collected,0.0,C2016127691-0,230-00,"Condominium,Townhouse",CONDOMINIUM,Single-family,unit,0.0,0.0,0.0,0.0,0.0,2016
446,2,In,Collected,0.0,C2016131022-0,210-00,Single Family Detached,SINGLE FAMILY RESIDENTIAL,Single-family,unit,0.0,0.0,0.0,0.0,0.0,2016
447,2,In,Collected,0.0,C2016134533-0,210-00,Single Family Detached,SINGLE FAMILY RESIDENTIAL,Single-family,unit,0.0,0.0,0.0,0.0,0.0,2016
448,2,In,Collected,0.0,C2016134593-0,210-00,Single Family Detached,SINGLE FAMILY RESIDENTIAL,Single-family,unit,0.0,0.0,0.0,0.0,0.0,2016
449,2,In,Collected,0.0,C2016135779-0,210-00,Single Family Detached,SINGLE FAMILY RESIDENTIAL,Single-family,unit,0.0,0.0,0.0,0.0,0.0,2016
450,2,In,Collected,0.0,C2016151071-0,820-00,"Shopping Center/General Retail [1-10,000]","STORES, ONE STORY",Commercial/Retail,sq. ft.,-60305.291137,-68898.2772549936,-58386.32449665887,-8592.986117993605,-10511.952758334737,2016
451,2,In,Collected,0.0,C2016151071-0,937-00,Coffee/Donut Shop,DRIVE-IN RESTAURANTS,Commercial/Retail,sq. ft.,78116.59217599999,141762.20258078325,75630.85449665887,63645.61040478326,66131.34808412439,2016
452,2,In,Collected,0.0,C2016152129-0,210-00,Single Family Detached,SINGLE FAMILY RESIDENTIAL,Single-family,unit,5614.933660000001,6970.16890335629,5436.26,1355.2352433562892,1533.9089033562896,2016
453,2,In,Collected,0.0,C2016154851-0,820-00,"Shopping Center/General Retail [1-10,000]","STORES, ONE STORY",Commercial/Retail,sq. ft.,-52893.006516,-60429.805728168496,-43542.79575999592,-7536.799212168495,-16887.009968172577,2016
454,2,In,Collected,0.0,C2016154851-0,932-00,High Turnover Rest.,DRIVE-IN RESTAURANTS,Commercial/Retail,sq. ft.,145920.71718,43233.13917065704,120125.44575999591,-102687.57800934296,-76892.30658933887,2016
455,2,In,Collected,0.0,C2016158695-0,710-00,"General Office Building [1-50,000]","OFFICE, ONE STORY",Office,sq. ft.,-115559.96600400002,-135694.64979987085,-111882.55606831811,-20134.683795870835,-23812.09373155274,2016
456,2,In,Collected,0.0,C2016158695-0,820-00,"Shopping Center/General Retail [1-10,000]","STORES, ONE STORY",Commercial/Retail,sq. ft.,154816.047162,176876.00440660556,149889.4095925771,22059.957244605554,26986.594814028445,2016
457,2,In,Collected,0.0,C2016158695-0,932-00,High Turnover Rest.,DRIVE-IN RESTAURANTS,Commercial/Retail,sq. ft.,92361.80226,27364.795954460824,89422.61647574099,-64997.00630553917,-62057.82052128016,2016
458,2,In,Collected,0.0,C2016163097-0,210-00,Single Family Detached,SINGLE FAMILY RESIDENTIAL,Single-family,unit,0.0,0.0,0.0,0.0,0.0,2016
459,2,In,Collected,0.0,C2016167082-0,820-00,"Shopping Center/General Retail [1-10,000]","STORES, ONE STORY",Commercial/Retail,sq. ft.,-15765.549695,-18012.00514057457,-799.4499999999999,-2246.4554455745692,-17212.55514057457,2016
460,2,In,Collected,0.0,C2016170384-0,210-00,Single Family Detached,SINGLE FAMILY RESIDENTIAL,Single-family,unit,-8380.498000000001,-10403.237169188493,-2280.288854003142,-2022.7391691884914,-8122.948315185351,2016
461,2,In,Collected,0.0,C2016170384-0,230-00,"Condominium,Townhouse",CONDOMINIUM,Single-family,unit,10262.196,12915.883434628091,2792.288854003142,2653.687434628091,10123.59458062495,2016
462,2,In,Collected,0.0,C2016172374-0,210-00,Single Family Detached,SINGLE FAMILY RESIDENTIAL,Single-family,unit,8380.498000000001,10403.237169188493,8113.82,2022.7391691884914,2289.417169188493,2016
463,2,In,Collected,0.0,C2016178669-0,150-00,Warehousing,"WAREHOUSING, DISTRIBUTION TERMINALS",Industrial/Manufacturing,sq. ft.,368112.89019400004,160036.3359435637,356397.39999999997,-208076.55425043634,-196361.06405643627,2016
464,2,In,Collected,0.0,C2016179238-0,210-00,Single Family Detached,SINGLE FAMILY RESIDENTIAL,Single-family,unit,8380.498000000001,10403.237169188493,8113.82,2022.7391691884914,2289.417169188493,2016
465,2,In,Collected,0.0,C2016180945-0,222-00,High-Rise Apart or Condo over 3 floors,MULTI-FAMILY 10 OR MORE,Multifamily,unit,794389.68,1059278.7676932183,744181.1322189954,264889.08769321826,315097.63547422295,2016
466,2,In,Collected,0.0,C2016180945-0,720-00,Medical Office Building,PROFESSIONAL BUILDING,Office,sq. ft.,-815998.9787180001,-380138.5553090744,-764424.6383864216,435860.4234089257,384286.0830773472,2016
467,2,In,Collected,0.0,C2016180945-0,820-00,"Shopping Center/General Retail [1-10,000]","STORES, ONE STORY",Commercial/Retail,sq. ft.,21609.533561,24688.70652252577,20243.72616742624,3079.172961525768,4444.9803550995275,2016
468,2,In,Collected,0.0,C2016190996-0,210-00,Single Family Detached,SINGLE FAMILY RESIDENTIAL,Single-family,unit,0.0,0.0,0.0,0.0,0.0,2016
469,2,In,Collected,0.0,C2016191894-0,210-00,Single Family Detached,SINGLE FAMILY RESIDENTIAL,Single-family,unit,-8380.498000000001,-10403.237169188493,-8113.820000000007,-2022.7391691884914,-2289.417169188486,2016
470,2,In,Collected,0.0,C2016191894-0,230-00,"Condominium,Townhouse",CONDOMINIUM,Single-family,unit,10262.196,12915.883434628091,9935.640000000007,2653.687434628091,2980.2434346280843,2016
471,2,In,Collected,0.0,C2017005847-0,210-00,Single Family Detached,SINGLE FAMILY RESIDENTIAL,Single-family,unit,0.0,0.0,0.0,0.0,0.0,2016
472,2,In,Collected,0.0,C2017006791-0,720-00,Medical Office Building,PROFESSIONAL BUILDING,Office,sq. ft.,17406.740400000002,8109.0458699983865,17406.829401356525,-9297.694530001616,-9297.783531358138,2016
473,2,In,Collected,0.0,C2017006791-0,820-00,"Shopping Center/General Retail [1-10,000]","STORES, ONE STORY",Commercial/Retail,sq. ft.,-9112.652807999999,-10411.127578635771,-9112.699401356525,-1298.474770635772,-1298.4281772792456,2016
474,2,In,Collected,0.0,C2017010142-0,210-00,Single Family Detached,SINGLE FAMILY RESIDENTIAL,Single-family,unit,8380.498000000001,10403.237169188493,8380.5,2022.7391691884914,2022.7371691884928,2016
475,2,In,Collected,0.0,C2017012101-0,210-00,Single Family Detached,SINGLE FAMILY RESIDENTIAL,Single-family,unit,0.0,0.0,0.0,0.0,0.0,2016
476,2,In,Collected,0.0,C2017012413-0,210-00,Single Family Detached,SINGLE FAMILY RESIDENTIAL,Single-family,unit,8380.498000000001,10403.237169188493,8380.509209856973,2022.7391691884914,2022.7279593315197,2016
477,2,In,Collected,0.0,C2017012413-0,230-00,"Condominium,Townhouse",CONDOMINIUM,Single-family,unit,-3386.52468,-4262.24153342727,-3386.5292098569716,-875.71685342727,-875.7123235702984,2016
478,2,In,Collected,0.0,C2017012452-0,210-00,Single Family Detached,SINGLE FAMILY RESIDENTIAL,Single-family,unit,8380.498000000001,10403.237169188493,8380.509209856973,2022.7391691884914,2022.7279593315197,2016
479,2,In,Collected,0.0,C2017012452-0,230-00,"Condominium,Townhouse",CONDOMINIUM,Single-family,unit,-3386.52468,-4262.24153342727,-3386.5292098569716,-875.71685342727,-875.7123235702984,2016
480,2,In,Collected,0.0,C2017021396-0,210-00,Single Family Detached,SINGLE FAMILY RESIDENTIAL,Single-family,unit,8380.498000000001,10403.237169188493,8380.5,2022.7391691884914,2022.7371691884928,2016
481,2,In,Collected,0.0,C2017032961-0,210-00,Single Family Detached,SINGLE FAMILY RESIDENTIAL,Single-family,unit,0.0,0.0,0.0,0.0,0.0,2016
482,2,In,Collected,0.0,M2015005354-0,944-00,Service Stations w/ Gasoline,SERVICE STATIONS,Commercial/Retail,fuel station,10603.382999999994,19593.566858826845,7759.060000000005,8990.183858826851,11834.50685882684,2016
483,2,In,Collected,0.0,M2015006308-0,210-00,Single Family Detached,SINGLE FAMILY RESIDENTIAL,Single-family,unit,-4190.249000000001,-5201.618584594246,-3066.23042811968,-1011.3695845942457,-2135.3881564745666,2016
484,2,In,Collected,0.0,M2015006308-0,230-00,"Condominium,Townhouse",CONDOMINIUM,Single-family,unit,10262.196,12915.883434628091,7509.40042811968,2653.687434628091,5406.483006508411,2016
485,2,In,Collected,0.0,M2015008211-0,220-00,Apartment (Rentals),MULTI-FAMILY 10 OR MORE,Multifamily,unit,-11768.736,-16133.83391492792,-9688.280622252958,-4365.097914927919,-6445.553292674962,2016
486,2,In,Collected,0.0,M2015008211-0,820-00,"Shopping Center/General Retail [1-10,000]","STORES, ONE STORY",Commercial/Retail,sq. ft.,152802.018824,174574.9943258201,125789.96062225295,21772.975501820096,48785.03370356714,2016
487,2,In,Collected,0.0,M2015010670-0,820-01,"Shopping Center/General Retail [10,001 -50,000]","STORES, ONE STORY",Commercial/Retail,sq. ft.,-189997.59340800002,-155052.3629260469,-251807.6,34945.23048195313,96755.23707395312,2016
488,2,In,Collected,0.0,M2015010756-0,210-00,Single Family Detached,SINGLE FAMILY RESIDENTIAL,Single-family,unit,8380.498000000001,10403.237169188493,6899.02,2022.7391691884914,3504.2171691884923,2016
489,2,In,Collected,0.0,M2015011887-0,820-00,"Shopping Center/General Retail [1-10,000]","STORES, ONE STORY",Commercial/Retail,sq. ft.,14246.774227,16276.817210801939,11728.26,2030.042983801939,4548.557210801939,2016
490,2,In,Collected,0.0,M2015012325-0,310-00,Hotel,"HOTELS, MOTELS",Commercial/Retail,room,62483.008,73704.29045289475,51437.43,11221.282452894753,22266.860452894754,2016
491,2,In,Collected,0.0,M2015015658-0,220-00,Apartment (Rentals),MULTI-FAMILY 10 OR MORE,Multifamily,unit,-129456.096,-177472.17306420713,-106571.21142857143,-48016.07706420713,-70900.9616356357,2016
492,2,In,Collected,0.0,M2015015658-0,222-00,High-Rise Apart or Condo over 3 floors,MULTI-FAMILY 10 OR MORE,Multifamily,unit,242730.18,323668.51235070557,199821.02142857143,80938.33235070558,123847.49092213414,2016
493,2,In,Collected,0.0,M2015016170-0,210-00,Single Family Detached,SINGLE FAMILY RESIDENTIAL,Single-family,unit,-8380.498000000001,-10403.237169188493,-6898.987205651499,-2022.7391691884914,-3504.249963536994,2016
494,2,In,Collected,0.0,M2015016170-0,230-00,"Condominium,Townhouse",CONDOMINIUM,Single-family,unit,10262.196,12915.883434628091,8448.037205651499,2653.687434628091,4467.846228976592,2016
495,2,In,Collected,0.0,M2016002502-0,310-00,Hotel,"HOTELS, MOTELS",Commercial/Retail,room,991917.752,1170055.6109397043,864318.7568106765,178137.85893970437,305736.8541290278,2016
496,2,In,Collected,0.0,M2016002502-0,932-00,High Turnover Rest.,DRIVE-IN RESTAURANTS,Commercial/Retail,sq. ft.,-312153.74393,-92484.37449303476,-271998.69681067654,219669.36943696524,179514.32231764178,2016
497,2,In,Collected,0.0,M2016003923-0,220-00,Apartment (Rentals),MULTI-FAMILY 10 OR MORE,Multifamily,unit,-23537.472,-32267.66782985584,-20509.634503279638,-8730.195829855838,-11758.033326576202,2016
498,2,In,Collected,0.0,M2016003923-0,820-00,"Shopping Center/General Retail [1-10,000]","STORES, ONE STORY",Commercial/Retail,sq. ft.,159537.457856,182270.17557959436,139014.71450327965,22732.717723594367,43255.46107631471,2016
499,2,In,Collected,0.0,M2016003924-0,220-00,Apartment (Rentals),MULTI-FAMILY 10 OR MORE,Multifamily,unit,-29421.840000000004,-40334.5847873198,-25636.977688622123,-10912.744787319796,-14697.607098697677,2016
500,2,In,Collected,0.0,M2016003924-0,820-01,"Shopping Center/General Retail [10,001 -50,000]","STORES, ONE STORY",Commercial/Retail,sq. ft.,390616.40016,318772.43682984513,340367.0176886221,-71843.96333015489,-21594.580858776986,2016
501,2,In,Collected,0.0,M2016004016-0,210-00,Single Family Detached,SINGLE FAMILY RESIDENTIAL,Single-family,unit,0.0,0.0,0.0,0.0,0.0,2016
502,2,In,Collected,0.0,M2016004093-0,820-00,"Shopping Center/General Retail [1-10,000]","STORES, ONE STORY",Commercial/Retail,sq. ft.,-39124.97673,-44699.94993001228,-34091.96228284034,-5574.973200012275,-10607.98764717194,2016
503,2,In,Collected,0.0,M2016004093-0,932-01,High turnover Rest/Seats,"RESTAURANTS, CAFETERIAS",Commercial/Retail,seats,61088.72,23128.258957074337,53230.302282840334,-37960.461042925665,-30102.043325765997,2016
504,2,In,Collected,0.0,M2016004172-0,820-00,"Shopping Center/General Retail [1-10,000]","STORES, ONE STORY",Commercial/Retail,sq. ft.,-7725.944772000001,-8826.825555799893,-6732.07005290467,-1100.880783799892,-2094.755502895223,2016
505,2,In,Collected,0.0,M2016004172-0,932-00,High Turnover Rest.,DRIVE-IN RESTAURANTS,Commercial/Retail,sq. ft.,21314.26206,6314.952912567883,18572.37005290467,-14999.309147432119,-12257.417140336787,2016
506,2,In,Collected,0.0,M2016004208-0,210-00,Single Family Detached,SINGLE FAMILY RESIDENTIAL,Single-family,unit,-8380.498000000001,-10403.237169188493,-7302.446907378344,-2022.7391691884914,-3100.790261810149,2016
507,2,In,Collected,0.0,M2016004208-0,230-00,"Condominium,Townhouse",CONDOMINIUM,Single-family,unit,10262.196,12915.883434628091,8942.086907378343,2653.687434628091,3973.7965272497477,2016
508,2,In,Collected,0.0,M2016004385-0,210-00,Single Family Detached,SINGLE FAMILY RESIDENTIAL,Single-family,unit,0.0,0.0,0.0,0.0,0.0,2016
509,2,In,Collected,0.0,M2016004444-0,210-00,Single Family Detached,SINGLE FAMILY RESIDENTIAL,Single-family,unit,0.0,0.0,0.0,0.0,0.0,2016
510,2,In,Collected,0.0,M2016004449-0,710-00,"General Office Building [1-50,000]","OFFICE, ONE STORY",Office,sq. ft.,-9272.656218000002,-10888.2849461253,-8977.47815639566,-1615.628728125299,-1910.8067897296405,2016
511,2,In,Collected,0.0,M2016004449-0,820-00,"Shopping Center/General Retail [1-10,000]","STORES, ONE STORY",Commercial/Retail,sq. ft.,11209.223291,12806.441351256683,10852.39815639566,1597.2180602566823,1954.0431948610221,2016
512,2,In,Collected,0.0,M2016004450-0,210-00,Single Family Detached,SINGLE FAMILY RESIDENTIAL,Single-family,unit,-8380.498000000001,-10403.237169188493,-8113.820000000007,-2022.7391691884914,-2289.417169188486,2016
513,2,In,Collected,0.0,M2016004450-0,230-00,"Condominium,Townhouse",CONDOMINIUM,Single-family,unit,10262.196,12915.883434628091,9935.640000000007,2653.687434628091,2980.2434346280843,2016
514,2,In,Collected,0.0,M2016004569-0,230-00,"Condominium,Townhouse",CONDOMINIUM,Single-family,unit,0.0,0.0,0.0,0.0,0.0,2016
515,2,In,Collected,0.0,M2016004671-0,210-00,Single Family Detached,SINGLE FAMILY RESIDENTIAL,Single-family,unit,4190.249000000001,5201.618584594246,4056.9100000000003,1011.3695845942457,1144.708584594246,2016
516,2,In,Collected,0.0,M2016004780-0,210-00,Single Family Detached,SINGLE FAMILY RESIDENTIAL,Single-family,unit,0.0,0.0,0.0,0.0,0.0,2016
517,2,In,Collected,0.0,M2016004783-0,210-00,Single Family Detached,SINGLE FAMILY RESIDENTIAL,Single-family,unit,4190.249000000001,5201.618584594246,4056.91,1011.3695845942457,1144.7085845942465,2016
518,2,In,Collected,0.0,M2016004908-0,710-00,"General Office Building [1-50,000]","OFFICE, ONE STORY",Office,sq. ft.,-24922.824150000004,-29265.27249879039,-24129.522257897497,-4342.448348790385,-5135.750240892892,2016
519,2,In,Collected,0.0,M2016004908-0,820-00,"Shopping Center/General Retail [1-10,000]","STORES, ONE STORY",Commercial/Retail,sq. ft.,30127.882924999998,34420.84751994616,29168.902257897495,4292.964594946163,5251.945262048666,2016
520,2,In,Collected,0.0,M2016005008-0,710-00,"General Office Building [1-50,000]","OFFICE, ONE STORY",Office,sq. ft.,12208.769748000002,14335.9745829691,11820.29,2127.2048349690976,2515.684582969099,2016
521,2,In,Collected,0.0,M2016005073-0,210-00,Single Family Detached,SINGLE FAMILY RESIDENTIAL,Single-family,unit,-8380.498000000001,-10403.237169188493,-8113.820000000007,-2022.7391691884914,-2289.417169188486,2016
522,2,In,Collected,0.0,M2016005073-0,230-00,"Condominium,Townhouse",CONDOMINIUM,Single-family,unit,10262.196,12915.883434628091,9935.640000000007,2653.687434628091,2980.2434346280843,2016
523,2,In,Collected,0.0,M2016005277-0,210-00,Single Family Detached,SINGLE FAMILY RESIDENTIAL,Single-family,unit,8380.498000000001,10403.237169188493,159.09,2022.7391691884914,10244.147169188493,2016
524,2,In,Collected,0.0,M2016005387-0,710-00,"General Office Building [1-50,000]","OFFICE, ONE STORY",Office,sq. ft.,-9095.123772,-10679.819991339396,-8805.692096827494,-1584.6962193393956,-1874.127894511903,2016
525,2,In,Collected,0.0,M2016005387-0,720-00,Medical Office Building,PROFESSIONAL BUILDING,Office,sq. ft.,21001.610700000005,9783.740125758923,20333.282096827494,-11217.870574241082,-10549.541971068571,2016
526,2,In,Collected,0.0,M2016005429-0,220-00,Apartment (Rentals),MULTI-FAMILY 10 OR MORE,Multifamily,unit,-17653.104,-24200.75087239188,-17091.359999999997,-6547.646872391881,-7109.390872391883,2016
527,2,In,Collected,0.0,M2016005429-0,310-00,Hotel,"HOTELS, MOTELS",Commercial/Retail,room,140586.768,165834.6535190132,136113.12,25247.885519013187,29721.533519013203,2016
528,2,In,Collected,0.0,M2016005525-0,710-00,"General Office Building [1-50,000]","OFFICE, ONE STORY",Office,sq. ft.,36189.306300000004,42494.77924481892,35037.77,6305.472944818917,7457.009244818924,2016
529,2,In,Collected,0.0,M2016005731-0,210-00,Single Family Detached,SINGLE FAMILY RESIDENTIAL,Single-family,unit,8380.498000000001,10403.237169188493,8113.82,2022.7391691884914,2289.417169188493,2016
530,2,In,Collected,0.0,M2016005740-0,210-00,Single Family Detached,SINGLE FAMILY RESIDENTIAL,Single-family,unit,-4190.249000000001,-5201.618584594246,-4056.9100000000017,-1011.3695845942457,-1144.7085845942447,2016
531,2,In,Collected,0.0,M2016005740-0,230-00,"Condominium,Townhouse",CONDOMINIUM,Single-family,unit,10262.196,12915.883434628091,9935.640000000003,2653.687434628091,2980.243434628088,2016
532,2,In,Collected,0.0,M2016005794-0,230-00,"Condominium,Townhouse",CONDOMINIUM,Single-family,unit,0.0,0.0,0.0,0.0,0.0,2016
533,2,In,Collected,0.0,M2016005815-0,230-00,"Condominium,Townhouse",CONDOMINIUM,Single-family,unit,0.0,0.0,0.0,0.0,0.0,2016
534,2,In,Collected,0.0,M2016005999-0,210-00,Single Family Detached,SINGLE FAMILY RESIDENTIAL,Single-family,unit,0.0,0.0,0.0,0.0,0.0,2016
535,2,In,Collected,0.0,M2016006000-0,912-00,Bank (Drive-in),"RESTAURANTS, CAFETERIAS",Commercial/Retail,sq. ft.,107105.14241000001,58174.89057472003,103696.64892731085,-48930.25183527998,-45521.75835259081,2016
536,2,In,Collected,0.0,M2016006000-0,944-00,Service Stations w/ Gasoline,SERVICE STATIONS,Commercial/Retail,fuel station,-31810.148999999998,-58780.700576480565,-30797.828927310864,-26970.551576480568,-27982.8716491697,2016
537,2,In,Collected,0.0,M2016006206-0,210-00,Single Family Detached,SINGLE FAMILY RESIDENTIAL,Single-family,unit,-8380.498000000001,-10403.237169188493,-8113.820000000007,-2022.7391691884914,-2289.417169188486,2016
538,2,In,Collected,0.0,M2016006206-0,230-00,"Condominium,Townhouse",CONDOMINIUM,Single-family,unit,10262.196,12915.883434628091,9935.640000000007,2653.687434628091,2980.2434346280843,2016
539,2,In,Collected,0.0,M2016006271-0,210-00,Single Family Detached,SINGLE FAMILY RESIDENTIAL,Single-family,unit,0.0,0.0,0.0,0.0,0.0,2016
540,2,In,Collected,0.0,M2016006355-0,820-01,"Shopping Center/General Retail [10,001 -50,000]","STORES, ONE STORY",Commercial/Retail,sq. ft.,191823.3072,156542.28304765804,185719.87,-35281.02415234197,-29177.586952341953,2016
541,2,In,Collected,0.0,M2016006370-0,231-00,Duplex,MULTI-FAMILY LESS THAN 10,Multifamily,unit,0.0,0.0,0.0,0.0,0.0,2016
542,2,In,Collected,0.0,M2016006385-0,710-00,"General Office Building [1-50,000]","OFFICE, ONE STORY",Office,sq. ft.,30631.175106000006,35968.22258344485,29656.670257524765,5337.047477444841,6311.552325920082,2016
543,2,In,Collected,0.0,M2016006385-0,720-00,Medical Office Building,PROFESSIONAL BUILDING,Office,sq. ft.,37809.20605000001,17613.670286463886,36606.33823689064,-20195.53576353612,-18992.667950426752,2016
544,2,In,Collected,0.0,M2016006385-0,820-00,"Shopping Center/General Retail [1-10,000]","STORES, ONE STORY",Commercial/Retail,sq. ft.,-56822.012618,-64918.661459536816,-55014.26849441541,-8096.648841536815,-9904.392965121406,2016
545,2,In,Collected,0.0,M2016006508-0,210-00,Single Family Detached,SINGLE FAMILY RESIDENTIAL,Single-family,unit,0.0,0.0,0.0,0.0,0.0,2016
546,2,In,Collected,0.0,M2016006669-0,210-00,Single Family Detached,SINGLE FAMILY RESIDENTIAL,Single-family,unit,-8380.498000000001,-10403.237169188493,-8113.820000000007,-2022.7391691884914,-2289.417169188486,2016
547,2,In,Collected,0.0,M2016006669-0,230-00,"Condominium,Townhouse",CONDOMINIUM,Single-family,unit,10262.196,12915.883434628091,9935.640000000007,2653.687434628091,2980.2434346280843,2016
548,2,In,Collected,0.0,M2016006744-0,230-00,"Condominium,Townhouse",CONDOMINIUM,Single-family,unit,10262.196,12915.883434628091,9935.64,2653.687434628091,2980.2434346280916,2016
549,2,In,Collected,0.0,M2016006830-0,820-01,"Shopping Center/General Retail [10,001 -50,000]","STORES, ONE STORY",Commercial/Retail,sq. ft.,-10238.80032,-8355.633114440912,-9912.901159232364,1883.167205559088,1557.2680447914518,2016
550,2,In,Collected,0.0,M2016006830-0,932-01,High turnover Rest/Seats,"RESTAURANTS, CAFETERIAS",Commercial/Retail,seats,13883.800000000001,5256.422490244167,13441.881159232364,-8627.377509755834,-8185.458668988196,2016
551,2,In,Collected,0.0,M2016006837-0,311-00,All Suites Hotel,"HOTELS, MOTELS",Commercial/Retail,room,65561.076,58981.0649676873,63474.83619686762,-6580.011032312701,-4493.771229180318,2016
552,2,In,Collected,0.0,M2016006837-0,820-00,"Shopping Center/General Retail [1-10,000]","STORES, ONE STORY",Commercial/Retail,sq. ft.,5117.61299,5846.828893799075,4954.763803132393,729.215903799075,892.0650906666815,2016
553,2,In,Collected,0.0,M2016006852-0,150-00,Warehousing,"WAREHOUSING, DISTRIBUTION TERMINALS",Industrial/Manufacturing,sq. ft.,-99747.115384,-43364.85706485978,-1893.5937705957479,56382.25831914022,-41471.263294264034,2016
554,2,In,Collected,0.0,M2016006852-0,222-00,High-Rise Apart or Condo over 3 floors,MULTI-FAMILY 10 OR MORE,Multifamily,unit,382483.92,510023.1103708088,7261.053770595748,127539.19037080882,502762.05660021305,2016
555,2,In,Collected,0.0,M2016006852-1,222-00,High-Rise Apart or Condo over 3 floors,MULTI-FAMILY 10 OR MORE,Multifamily,unit,3677.73,4904.068368950085,3560.7000000000003,1226.3383689500847,1343.3683689500845,2016
556,2,In,Collected,0.0,M2016006886-0,210-00,Single Family Detached,SINGLE FAMILY RESIDENTIAL,Single-family,unit,0.0,0.0,0.0,0.0,0.0,2016
557,2,In,Collected,0.0,M2016006927-0,210-00,Single Family Detached,SINGLE FAMILY RESIDENTIAL,Single-family,unit,0.0,0.0,0.0,0.0,0.0,2016
558,2,In,Collected,0.0,M2016007066-0,560-00,Church/Synagogue,"CHURCHES, TEMPLES",Other,sq. ft.,-28814.054500000002,-18291.321551470734,-27897.257694332333,10522.732948529268,9605.9361428616,2016
559,2,In,Collected,0.0,M2016007066-0,710-00,"General Office Building [1-50,000]","OFFICE, ONE STORY",Office,sq. ft.,75109.88100000001,88196.71164019022,72720.05769433232,13086.830640190208,15476.653945857892,2016
560,2,In,Collected,0.0,M2016007139-0,150-00,Warehousing,"WAREHOUSING, DISTRIBUTION TERMINALS",Industrial/Manufacturing,sq. ft.,36304.82247000001,15783.448284352038,35149.39,-20521.37418564797,-19365.94171564796,2016
561,2,In,Collected,0.0,M2016007335-0,820-00,"Shopping Center/General Retail [1-10,000]","STORES, ONE STORY",Commercial/Retail,sq. ft.,159190.780847,181874.10007388538,154125.04,22683.31922688539,27749.06007388537,2016
562,2,In,Collected,0.0,M2016007336-0,820-00,"Shopping Center/General Retail [1-10,000]","STORES, ONE STORY",Commercial/Retail,sq. ft.,-130086.42052,-148622.61833269906,-125947.00496585164,-18536.197812699058,-22675.61336684742,2016
563,2,In,Collected,0.0,M2016007336-0,932-01,High turnover Rest/Seats,"RESTAURANTS, CAFETERIAS",Commercial/Retail,seats,231859.46000000002,87782.2555870776,224481.57496585164,-144077.20441292244,-136699.31937877403,2016
564,2,In,Collected,0.0,M2016007520-0,210-00,Single Family Detached,SINGLE FAMILY RESIDENTIAL,Single-family,unit,-4190.249000000001,-5201.618584594246,-4056.9100000000017,-1011.3695845942457,-1144.7085845942447,2016
565,2,In,Collected,0.0,M2016007520-0,230-00,"Condominium,Townhouse",CONDOMINIUM,Single-family,unit,10262.196,12915.883434628091,9935.640000000003,2653.687434628091,2980.243434628088,2016
566,2,In,Collected,0.0,M2016007522-0,210-00,Single Family Detached,SINGLE FAMILY RESIDENTIAL,Single-family,unit,-4190.249000000001,-5201.618584594246,-4056.9100000000017,-1011.3695845942457,-1144.7085845942447,2016
567,2,In,Collected,0.0,M2016007522-0,230-00,"Condominium,Townhouse",CONDOMINIUM,Single-family,unit,10262.196,12915.883434628091,9935.640000000003,2653.687434628091,2980.243434628088,2016
568,2,In,Collected,0.0,M2016007523-0,210-00,Single Family Detached,SINGLE FAMILY RESIDENTIAL,Single-family,unit,0.0,0.0,0.0,0.0,0.0,2016
569,2,In,Collected,0.0,M2016007625-0,820-01,"Shopping Center/General Retail [10,001 -50,000]","STORES, ONE STORY",Commercial/Retail,sq. ft.,-31925.319552000004,-26053.468072497686,-30909.36770907893,5871.851479502318,4855.899636581245,2016
570,2,In,Collected,0.0,M2016007625-0,932-01,High turnover Rest/Seats,"RESTAURANTS, CAFETERIAS",Commercial/Retail,seats,101351.74,38371.88417878242,98126.44770907893,-62979.855821217585,-59754.56353029651,2016
571,2,In,Collected,0.0,M2016007730-0,210-00,Single Family Detached,SINGLE FAMILY RESIDENTIAL,Single-family,unit,8380.498000000001,10403.237169188493,8113.819999999998,2022.7391691884914,2289.417169188495,2016
572,2,In,Collected,0.0,M2016007730-0,230-00,"Condominium,Townhouse",CONDOMINIUM,Single-family,unit,-5131.098,-6457.9417173140455,-4967.819999999998,-1326.8437173140455,-1490.1217173140476,2016
573,2,In,Collected,0.0,M2016007740-0,231-00,Duplex,MULTI-FAMILY LESS THAN 10,Multifamily,unit,0.0,0.0,0.0,0.0,0.0,2016
574,2,In,Collected,0.0,M2016007754-0,210-00,Single Family Detached,SINGLE FAMILY RESIDENTIAL,Single-family,unit,-8380.498000000001,-10403.237169188493,-8113.820000000007,-2022.7391691884914,-2289.417169188486,2016
575,2,In,Collected,0.0,M2016007754-0,230-00,"Condominium,Townhouse",CONDOMINIUM,Single-family,unit,10262.196,12915.883434628091,9935.640000000007,2653.687434628091,2980.2434346280843,2016
576,2,In,Collected,0.0,M2016007765-0,210-00,Single Family Detached,SINGLE FAMILY RESIDENTIAL,Single-family,unit,-8380.498000000001,-10403.237169188493,-8113.830897732321,-2022.7391691884914,-2289.4062714561715,2016
577,2,In,Collected,0.0,M2016007765-0,932-00,High Turnover Rest.,DRIVE-IN RESTAURANTS,Commercial/Retail,sq. ft.,58750.85055,17406.600976949932,56881.40089773232,-41344.24957305007,-39474.79992078239,2016
578,2,In,Collected,0.0,M2016007819-0,150-00,Warehousing,"WAREHOUSING, DISTRIBUTION TERMINALS",Industrial/Manufacturing,sq. ft.,2262.1879700000004,983.4816535319177,2190.2042882938636,-1278.7063164680826,-1206.7226347619458,2016
579,2,In,Collected,0.0,M2016007819-0,932-00,High Turnover Rest.,DRIVE-IN RESTAURANTS,Commercial/Retail,sq. ft.,80793.80533,23937.44971558851,78222.91571170613,-56856.35561441149,-54285.465996117615,2016
580,2,In,Collected,0.0,M2016007839-0,220-00,Apartment (Rentals),MULTI-FAMILY 10 OR MORE,Multifamily,unit,-47074.944,-64535.33565971168,-45576.96000000001,-17460.391659711677,-18958.375659711674,2016
581,2,In,Collected,0.0,M2016007839-0,320-00,Motel,"HOTELS, MOTELS",Commercial/Retail,room,63818.216,29534.61399727242,61787.44000000001,-34283.60200272758,-32252.82600272759,2016
582,2,In,Collected,0.0,M2016008004-0,520-00,Elementary School (30 SF/St),PUBLIC COUNTY SCHOOLS,Other,student,10631.446,126532.306478847,10293.14,115900.860478847,116239.166478847,2016
583,2,In,Collected,0.0,M2016008034-0,210-00,Single Family Detached,SINGLE FAMILY RESIDENTIAL,Single-family,unit,2095.1245,2600.8092922971227,2028.46,505.68479229712284,572.3492922971227,2016
584,2,In,Collected,0.0,M2016008163-0,210-00,Single Family Detached,SINGLE FAMILY RESIDENTIAL,Single-family,unit,4190.249000000001,5201.618584594246,4056.9100000000003,1011.3695845942457,1144.708584594246,2016
585,2,In,Collected,0.0,M2016008455-0,150-00,Warehousing,"WAREHOUSING, DISTRIBUTION TERMINALS",Industrial/Manufacturing,sq. ft.,-167845.56217800002,-72970.51934584098,-162510.8426095514,94875.04283215904,89540.32326371041,2016
586,2,In,Collected,0.0,M2016008455-0,151-00,Mini-Warehouse,"WAREHOUSING, DISTRIBUTION TERMINALS",Industrial/Manufacturing,sq. ft.,291686.6743,227912.62665660674,282415.8506389389,-63774.04764339328,-54503.22398233216,2016
587,2,In,Collected,0.0,M2016008455-0,710-00,"General Office Building [1-50,000]","OFFICE, ONE STORY",Office,sq. ft.,-31873.902228000006,-37427.477266946174,-30860.838029387447,-5553.575038946168,-6566.6392375587275,2016
588,2,In,Collected,0.0,M2016008814-0,820-00,"Shopping Center/General Retail [1-10,000]","STORES, ONE STORY",Commercial/Retail,sq. ft.,-51621.857483,-58977.52887390227,-49979.30515444629,-7355.671390902273,-8998.223719455986,2016
589,2,In,Collected,0.0,M2016008814-0,932-01,High turnover Rest/Seats,"RESTAURANTS, CAFETERIAS",Commercial/Retail,seats,66642.24,25230.827953172004,64521.755154446284,-41411.412046828,-39290.92720127428,2016
590,2,In,Collected,0.0,M2016008856-0,820-00,"Shopping Center/General Retail [1-10,000]","STORES, ONE STORY",Commercial/Retail,sq. ft.,142121.065261,162372.09660231043,137598.51,20251.031341310416,24773.586602310417,2016
591,2,In,Collected,0.0,M2016008906-0,210-00,Single Family Detached,SINGLE FAMILY RESIDENTIAL,Single-family,unit,-8380.498000000001,-10403.237169188493,-8113.820000000007,-2022.7391691884914,-2289.417169188486,2016
592,2,In,Collected,0.0,M2016008906-0,230-00,"Condominium,Townhouse",CONDOMINIUM,Single-family,unit,10262.196,12915.883434628091,9935.640000000007,2653.687434628091,2980.2434346280843,2016
593,2,In,Collected,0.0,M2016008952-0,820-00,"Shopping Center/General Retail [1-10,000]","STORES, ONE STORY",Commercial/Retail,sq. ft.,-2971.5172199999997,-3394.932906076882,-2876.959650315831,-423.41568607688214,-517.973255761051,2016
594,2,In,Collected,0.0,M2016008952-0,932-01,High turnover Rest/Seats,"RESTAURANTS, CAFETERIAS",Commercial/Retail,seats,6941.900000000001,2628.2112451220837,6720.999650315831,-4313.688754877917,-4092.788405193747,2016
595,2,In,Collected,0.0,M2016008975-0,210-00,Single Family Detached,SINGLE FAMILY RESIDENTIAL,Single-family,unit,-16760.996000000003,-20806.474338376986,-31130.11107792815,-4045.4783383769827,10323.636739551166,2016
596,2,In,Collected,0.0,M2016008975-0,231-00,Duplex,MULTI-FAMILY LESS THAN 10,Multifamily,unit,29421.84,30328.08123899018,54645.03107792815,906.2412389901801,-24316.94983893797,2016
597,2,In,Collected,0.0,M2016009015-0,220-00,Apartment (Rentals),MULTI-FAMILY 10 OR MORE,Multifamily,unit,-5884.368,-8066.91695746396,-5697.12,-2182.5489574639596,-2369.79695746396,2016
598,2,In,Collected,0.0,M2016009015-0,310-00,Hotel,"HOTELS, MOTELS",Commercial/Retail,room,15620.752,18426.07261322369,15123.679999999998,2805.3206132236883,3302.39261322369,2016
599,2,In,Collected,0.0,M2016009057-0,710-00,"General Office Building [1-50,000]","OFFICE, ONE STORY",Office,sq. ft.,-10925.073600000002,-12828.612602209487,-10577.411777924654,-1903.5390022094853,-2251.2008242848333,2016
600,2,In,Collected,0.0,M2016009057-0,720-00,Medical Office Building,PROFESSIONAL BUILDING,Office,sq. ft.,25227.160000000003,11752.24039130201,24424.371777924654,-13474.919608697994,-12672.131386622645,2016
601,2,In,Collected,0.0,M2016009203-0,820-00,"Shopping Center/General Retail [1-10,000]","STORES, ONE STORY",Commercial/Retail,sq. ft.,-10169.192264,-11618.214834129772,-9845.619048733344,-1449.0225701297732,-1772.5957853964283,2016
602,2,In,Collected,0.0,M2016009203-0,932-00,High Turnover Rest.,DRIVE-IN RESTAURANTS,Commercial/Retail,sq. ft.,28054.669720000005,8311.989303721828,27161.99904873337,-19742.680416278177,-18850.009745011543,2016
603,2,In,Collected,0.0,M2016009318-0,934-00,Fast Food Rest. w/ Drive-Thru,DRIVE-IN RESTAURANTS,Commercial/Retail,sq. ft.,59966.45109,72153.41532388388,58058.270000000004,12186.964233883875,14095.145323883873,2016
604,2,In,Collected,0.0,M2016009612-0,210-00,Single Family Detached,SINGLE FAMILY RESIDENTIAL,Single-family,unit,0.0,0.0,0.0,0.0,0.0,2016
605,2,In,Collected,0.0,M2016009614-0,210-00,Single Family Detached,SINGLE FAMILY RESIDENTIAL,Single-family,unit,8380.498000000001,10403.237169188493,159.09,2022.7391691884914,10244.147169188493,2016
606,2,In,Collected,0.0,M2016009680-0,210-00,Single Family Detached,SINGLE FAMILY RESIDENTIAL,Single-family,unit,0.0,0.0,0.0,0.0,0.0,2016
607,2,In,Collected,0.0,M2016009812-0,210-00,Single Family Detached,SINGLE FAMILY RESIDENTIAL,Single-family,unit,4190.249000000001,5201.618584594246,4056.91,1011.3695845942457,1144.7085845942465,2016
608,2,In,Collected,0.0,M2016009898-0,820-00,"Shopping Center/General Retail [1-10,000]","STORES, ONE STORY",Commercial/Retail,sq. ft.,-11489.866584,-13127.073903497276,-11124.24752577919,-1637.2073194972763,-2002.8263777180855,2016
609,2,In,Collected,0.0,M2016009898-0,932-01,High turnover Rest/Seats,"RESTAURANTS, CAFETERIAS",Commercial/Retail,seats,29155.980000000003,11038.487229512752,28228.20752577919,-18117.492770487253,-17189.720296266438,2016
610,2,In,Collected,0.0,M2016009914-0,210-00,Single Family Detached,SINGLE FAMILY RESIDENTIAL,Single-family,unit,0.0,0.0,0.0,0.0,0.0,2016
611,2,In,Collected,0.0,M2016009940-0,150-00,Warehousing,"WAREHOUSING, DISTRIBUTION TERMINALS",Industrial/Manufacturing,sq. ft.,-5490.7475,-2387.0913920677613,-5316.048708545918,3103.656107932239,2928.957316478157,2016
612,2,In,Collected,0.0,M2016009940-0,710-00,"General Office Building [1-50,000]","OFFICE, ONE STORY",Office,sq. ft.,17070.4275,20044.707190952322,16527.298708545917,2974.2796909523204,3517.408482406405,2016
613,2,In,Collected,0.0,M2016009942-0,820-00,"Shopping Center/General Retail [1-10,000]","STORES, ONE STORY",Commercial/Retail,sq. ft.,-257812.135693,-294548.1510789037,-249615.05223603494,-36736.01538590371,-44933.098842868756,2016
614,2,In,Collected,0.0,M2016009942-0,820-01,"Shopping Center/General Retail [10,001 -50,000]","STORES, ONE STORY",Commercial/Retail,sq. ft.,300132.54432000004,244930.78755945468,290589.8922360349,-55201.756760545366,-45659.10467658023,2016
615,2,In,Collected,0.0,M2016010048-0,210-00,Single Family Detached,SINGLE FAMILY RESIDENTIAL,Single-family,unit,8380.498000000001,10403.237169188493,8113.82,2022.7391691884914,2289.417169188493,2016
616,2,In,Collected,0.0,M2016010090-0,220-00,Apartment (Rentals),MULTI-FAMILY 10 OR MORE,Multifamily,unit,-182415.40800000002,-250074.42568138277,-176610.72000000003,-67659.01768138274,-73463.70568138274,2016
617,2,In,Collected,0.0,M2016010090-0,310-00,Hotel,"HOTELS, MOTELS",Commercial/Retail,room,320225.416,377734.4885710856,310035.44000000006,57509.07257108559,67699.04857108556,2016
618,2,In,Collected,0.0,M2016010101-0,210-00,Single Family Detached,SINGLE FAMILY RESIDENTIAL,Single-family,unit,8380.498000000001,10403.237169188493,8113.82,2022.7391691884914,2289.417169188493,2016
619,2,In,Collected,0.0,M2016010104-0,230-00,"Condominium,Townhouse",CONDOMINIUM,Single-family,unit,0.0,0.0,0.0,0.0,0.0,2016
620,2,In,Collected,0.0,M2016010122-0,710-00,"General Office Building [1-50,000]","OFFICE, ONE STORY",Office,sq. ft.,-10979.698968000002,-12892.755665220533,-10630.295170191674,-1913.0566972205306,-2262.4604950288594,2016
621,2,In,Collected,0.0,M2016010122-0,720-00,Medical Office Building,PROFESSIONAL BUILDING,Office,sq. ft.,25353.295800000004,11811.00159325852,24546.485170191674,-13542.294206741484,-12735.483576933155,2016
622,2,In,Collected,0.0,M2016010348-0,210-00,Single Family Detached,SINGLE FAMILY RESIDENTIAL,Single-family,unit,8380.498000000001,10403.237169188493,8113.82,2022.7391691884914,2289.417169188493,2016
623,2,In,Collected,0.0,M2016010436-0,310-00,Hotel,"HOTELS, MOTELS",Commercial/Retail,room,15620.752,18426.07261322369,15123.68,2805.3206132236883,3302.3926132236884,2016
624,2,In,Collected,0.0,M2016010476-0,710-00,"General Office Building [1-50,000]","OFFICE, ONE STORY",Office,sq. ft.,23994.192894000003,28174.840427602583,23230.785901584106,4180.64753360258,4944.054526018477,2016
625,2,In,Collected,0.0,M2016010476-0,720-00,Medical Office Building,PROFESSIONAL BUILDING,Office,sq. ft.,36043.30485000001,16791.013459072747,34896.53941913826,-19252.29139092726,-18105.52596006551,2016
626,2,In,Collected,0.0,M2016010476-0,820-00,"Shopping Center/General Retail [1-10,000]","STORES, ONE STORY",Commercial/Retail,sq. ft.,-47874.4441,-54696.14126457198,-46351.25532072236,-6821.697164571982,-8344.885943849622,2016
627,2,In,Collected,0.0,M2016010557-0,210-00,Single Family Detached,SINGLE FAMILY RESIDENTIAL,Single-family,unit,-8380.498000000001,-10403.237169188493,-8113.820000000007,-2022.7391691884914,-2289.417169188486,2016
628,2,In,Collected,0.0,M2016010557-0,230-00,"Condominium,Townhouse",CONDOMINIUM,Single-family,unit,10262.196,12915.883434628091,9935.640000000007,2653.687434628091,2980.2434346280843,2016
629,2,In,Collected,0.0,M2016010713-0,150-00,Warehousing,"WAREHOUSING, DISTRIBUTION TERMINALS",Industrial/Manufacturing,sq. ft.,8258.08424,3590.185453669913,7995.282136272598,-4667.898786330087,-4405.096682602685,2016
630,2,In,Collected,0.0,M2016010713-0,710-00,"General Office Building [1-50,000]","OFFICE, ONE STORY",Office,sq. ft.,-13656.342000000002,-16035.765752761858,-13221.74781295634,-2379.423752761855,-2814.017939805517,2016
631,2,In,Collected,0.0,M2016010713-0,720-00,Medical Office Building,PROFESSIONAL BUILDING,Office,sq. ft.,31533.950000000004,14690.300489127512,30530.42567668374,-16843.649510872492,-15840.125187556227,2016
632,2,In,Collected,0.0,M2016010867-0,210-00,Single Family Detached,SINGLE FAMILY RESIDENTIAL,Single-family,unit,7542.448200000001,9362.913452269644,7302.4400000000005,1820.4652522696433,2060.4734522696435,2016
633,2,In,Collected,0.0,M2016011008-0,150-00,Warehousing,"WAREHOUSING, DISTRIBUTION TERMINALS",Industrial/Manufacturing,sq. ft.,3294.4485000000004,1432.2548352406568,3189.6,-1862.1936647593436,-1757.345164759343,2016
634,2,In,Collected,0.0,M2016011147-0,710-00,"General Office Building [1-50,000]","OFFICE, ONE STORY",Office,sq. ft.,-308715.26725200005,-362504.52060693456,-298891.21163417056,-53789.25335493451,-63613.308972764,2016
635,2,In,Collected,0.0,M2016011147-0,720-00,Medical Office Building,PROFESSIONAL BUILDING,Office,sq. ft.,712856.4737000001,332088.93285721657,690171.6816341705,-380767.5408427835,-358082.7487769539,2016
636,2,In,Collected,0.0,M2016011219-0,210-00,Single Family Detached,SINGLE FAMILY RESIDENTIAL,Single-family,unit,-8380.498000000001,-10403.237169188493,-8113.820000000007,-2022.7391691884914,-2289.417169188486,2016
637,2,In,Collected,0.0,M2016011219-0,230-00,"Condominium,Townhouse",CONDOMINIUM,Single-family,unit,10262.196,12915.883434628091,9935.640000000007,2653.687434628091,2980.2434346280843,2016
638,2,In,Collected,0.0,M2016011302-0,220-00,Apartment (Rentals),MULTI-FAMILY 10 OR MORE,Multifamily,unit,0.0,0.0,0.0,0.0,0.0,2016
639,2,In,Collected,0.0,M2016011302-0,231-00,Duplex,MULTI-FAMILY LESS THAN 10,Multifamily,unit,0.0,0.0,0.0,0.0,0.0,2016
640,2,In,Collected,0.0,M2016011333-0,210-00,Single Family Detached,SINGLE FAMILY RESIDENTIAL,Single-family,unit,8380.498000000001,10403.237169188493,8113.82,2022.7391691884914,2289.417169188493,2016
641,2,In,Collected,0.0,M2016011442-0,210-00,Single Family Detached,SINGLE FAMILY RESIDENTIAL,Single-family,unit,-8380.498000000001,-10403.237169188493,-8113.820000000007,-2022.7391691884914,-2289.417169188486,2016
642,2,In,Collected,0.0,M2016011442-0,230-00,"Condominium,Townhouse",CONDOMINIUM,Single-family,unit,10262.196,12915.883434628091,9935.640000000007,2653.687434628091,2980.2434346280843,2016
643,2,In,Collected,0.0,M2016011443-0,230-00,"Condominium,Townhouse",CONDOMINIUM,Single-family,unit,0.0,0.0,0.0,0.0,0.0,2016
644,2,In,Collected,0.0,M2016011451-0,310-00,Hotel,"HOTELS, MOTELS",Commercial/Retail,room,46862.256,55278.217839671066,45371.04,8415.961839671065,9907.177839671065,2016
645,2,In,Collected,0.0,M2016011489-0,220-00,Apartment (Rentals),MULTI-FAMILY 10 OR MORE,Multifamily,unit,-23537.472,-32267.66782985584,-22788.52230658862,-8730.195829855838,-9479.14552326722,2016
646,2,In,Collected,0.0,M2016011489-0,710-00,"General Office Building [1-50,000]","OFFICE, ONE STORY",Office,sq. ft.,24649.697310000003,28944.557183735153,23865.35720571829,4294.859873735149,5079.199978016863,2016
647,2,In,Collected,0.0,M2016011489-0,720-00,Medical Office Building,PROFESSIONAL BUILDING,Office,sq. ft.,18415.826800000003,8579.135485650468,17829.845100870327,-9836.691314349535,-9250.70961521986,2016
648,2,In,Collected,0.0,M2016011622-0,210-00,Single Family Detached,SINGLE FAMILY RESIDENTIAL,Single-family,unit,0.0,0.0,0.0,0.0,0.0,2016
649,2,In,Collected,0.0,M2016011843-0,710-01,"General Office Building [50,001 -100,000]","OFFICE, ONE STORY",Office,sq. ft.,-24974.644695,-33281.536069028676,-24179.890173435124,-8306.891374028677,-9101.645895593552,2016
650,2,In,Collected,0.0,M2016011843-0,932-01,High turnover Rest/Seats,"RESTAURANTS, CAFETERIAS",Commercial/Retail,seats,41651.4,15769.267470732502,40325.95017343512,-25882.1325292675,-24556.68270270262,2016
651,2,In,Collected,0.0,M2016011902-0,210-00,Single Family Detached,SINGLE FAMILY RESIDENTIAL,Single-family,unit,-8380.498000000001,-10403.237169188493,-8113.820000000007,-2022.7391691884914,-2289.417169188486,2016
652,2,In,Collected,0.0,M2016011902-0,230-00,"Condominium,Townhouse",CONDOMINIUM,Single-family,unit,10262.196,12915.883434628091,9935.640000000007,2653.687434628091,2980.2434346280843,2016
653,2,In,Collected,0.0,M2016011916-0,210-00,Single Family Detached,SINGLE FAMILY RESIDENTIAL,Single-family,unit,8380.498000000001,10403.237169188493,0.0,2022.7391691884914,10403.237169188493,2016
654,2,In,Collected,0.0,M2016011916-0,820-00,"Shopping Center/General Retail [1-10,000]","STORES, ONE STORY",Commercial/Retail,sq. ft.,-8380.503981849999,-9574.65383205516,0.0,-1194.1498502051618,-9574.65383205516,2016
655,2,In,Collected,0.0,M2016011917-0,210-00,Single Family Detached,SINGLE FAMILY RESIDENTIAL,Single-family,unit,8380.498000000001,10403.237169188493,8113.82,2022.7391691884914,2289.417169188493,2016
656,2,In,Collected,0.0,M2016011918-0,210-00,Single Family Detached,SINGLE FAMILY RESIDENTIAL,Single-family,unit,8380.498000000001,10403.237169188493,8113.82,2022.7391691884914,2289.417169188493,2016
657,2,In,Collected,0.0,M2016011920-0,210-00,Single Family Detached,SINGLE FAMILY RESIDENTIAL,Single-family,unit,8380.498000000001,10403.237169188493,8113.82,2022.7391691884914,2289.417169188493,2016
658,2,In,Collected,0.0,M2016012007-0,220-00,Apartment (Rentals),MULTI-FAMILY 10 OR MORE,Multifamily,unit,11768.735999999997,16133.83391492792,11394.240000000002,4365.097914927923,4739.593914927918,2016
659,2,In,Collected,0.0,M2016012120-0,710-00,"General Office Building [1-50,000]","OFFICE, ONE STORY",Office,sq. ft.,22519.307958000005,26442.977726304303,21802.75,3923.6697683042985,4640.227726304303,2016
660,2,In,Collected,0.0,M2016012211-0,710-00,"General Office Building [1-50,000]","OFFICE, ONE STORY",Office,sq. ft.,27858.937680000003,32712.96213563419,26972.469999999998,4854.024455634186,5740.492135634191,2016
661,2,In,Collected,0.0,M2016012346-0,210-00,Single Family Detached,SINGLE FAMILY RESIDENTIAL,Single-family,unit,8380.498000000001,10403.237169188493,8113.82,2022.7391691884914,2289.417169188493,2016
662,2,In,Collected,0.0,M2016012353-0,820-00,"Shopping Center/General Retail [1-10,000]","STORES, ONE STORY",Commercial/Retail,sq. ft.,-4952.5287,-5658.221510128136,-4794.943234306644,-705.6928101281364,-863.2782758214926,2016
663,2,In,Collected,0.0,M2016012353-0,932-00,High Turnover Rest.,DRIVE-IN RESTAURANTS,Commercial/Retail,sq. ft.,13662.9885,4048.0467388255656,13228.243234306643,-9614.941761174434,-9180.196495481077,2016
664,2,In,Collected,0.0,M2016012359-0,820-00,"Shopping Center/General Retail [1-10,000]","STORES, ONE STORY",Commercial/Retail,sq. ft.,-17548.460027,-20048.964884220695,-16990.07768305099,-2500.5048572206942,-3058.887201169706,2016
665,2,In,Collected,0.0,M2016012359-0,932-01,High turnover Rest/Seats,"RESTAURANTS, CAFETERIAS",Commercial/Retail,seats,20825.7,7884.633735366251,20163.03768305099,-12941.06626463375,-12278.403947684737,2016
666,2,In,Collected,0.0,M2016012673-0,710-00,"General Office Building [1-50,000]","OFFICE, ONE STORY",Office,sq. ft.,-10610.977734000002,-12459.789989895964,-10273.31126569729,-1848.8122558959622,-2186.478724198674,2016
667,2,In,Collected,0.0,M2016012673-0,720-00,Medical Office Building,PROFESSIONAL BUILDING,Office,sq. ft.,24501.879150000004,11414.363480052078,23722.171265697292,-13087.515669947927,-12307.807785645215,2016
668,2,In,Collected,0.0,M2016012720-0,210-00,Single Family Detached,SINGLE FAMILY RESIDENTIAL,Single-family,unit,0.0,0.0,0.0,0.0,0.0,2016
669,2,In,Collected,0.0,M2016013046-0,210-00,Single Family Detached,SINGLE FAMILY RESIDENTIAL,Single-family,unit,8380.498000000001,10403.237169188493,8113.82,2022.7391691884914,2289.417169188493,2016
670,2,In,Collected,0.0,M2016013051-0,210-00,Single Family Detached,SINGLE FAMILY RESIDENTIAL,Single-family,unit,8380.498000000001,10403.237169188493,8113.82,2022.7391691884914,2289.417169188493,2016
671,2,In,Collected,0.0,M2016013108-0,210-00,Single Family Detached,SINGLE FAMILY RESIDENTIAL,Single-family,unit,0.0,0.0,0.0,0.0,0.0,2016
672,2,In,Collected,0.0,M2016013178-0,210-00,Single Family Detached,SINGLE FAMILY RESIDENTIAL,Single-family,unit,0.0,0.0,0.0,0.0,0.0,2016
673,2,In,Collected,0.0,M2016013434-0,210-00,Single Family Detached,SINGLE FAMILY RESIDENTIAL,Single-family,unit,-8380.498000000001,-10403.237169188493,-8113.820000000007,-2022.7391691884914,-2289.417169188486,2016
674,2,In,Collected,0.0,M2016013434-0,230-00,"Condominium,Townhouse",CONDOMINIUM,Single-family,unit,10262.196,12915.883434628091,9935.640000000007,2653.687434628091,2980.2434346280843,2016
675,2,In,Collected,0.0,M2016013475-0,230-00,"Condominium,Townhouse",CONDOMINIUM,Single-family,unit,2565.549,3228.970858657023,2483.91,663.4218586570232,745.0608586570233,2016
676,2,In,Collected,0.0,M2016013489-0,230-00,"Condominium,Townhouse",CONDOMINIUM,Single-family,unit,2565.549,3228.970858657023,2483.91,663.4218586570232,745.0608586570233,2016
677,2,In,Collected,0.0,M2016013509-0,210-00,Single Family Detached,SINGLE FAMILY RESIDENTIAL,Single-family,unit,-10224.20756,-12691.949346409961,0.0,-2467.7417864099607,-12691.949346409961,2016
678,2,In,Collected,0.0,M2016013509-0,230-00,"Condominium,Townhouse",CONDOMINIUM,Single-family,unit,10262.196,12915.883434628091,0.0,2653.687434628091,12915.883434628091,2016
679,2,In,Collected,0.0,M2016013541-0,720-00,Medical Office Building,PROFESSIONAL BUILDING,Office,sq. ft.,-89241.07850000002,-41573.55038423086,-86401.28194540189,47667.52811576916,44827.73156117103,2016
680,2,In,Collected,0.0,M2016013541-0,932-01,High turnover Rest/Seats,"RESTAURANTS, CAFETERIAS",Commercial/Retail,seats,102740.12000000001,38897.526427806835,99470.7619454019,-63842.593572193175,-60573.235517595065,2016
681,2,In,Collected,0.0,M2016013774-0,230-00,"Condominium,Townhouse",CONDOMINIUM,Single-family,unit,0.0,0.0,0.0,0.0,0.0,2016
682,2,In,Collected,0.0,M2016014061-0,210-00,Single Family Detached,SINGLE FAMILY RESIDENTIAL,Single-family,unit,8380.498000000001,10403.237169188493,8113.82,2022.7391691884914,2289.417169188493,2016
683,2,In,Collected,0.0,M2016014159-0,150-00,Warehousing,"WAREHOUSING, DISTRIBUTION TERMINALS",Industrial/Manufacturing,sq. ft.,-24519.482036,-10659.795320417796,-23739.259809825675,13859.686715582206,13079.46448940788,2016
684,2,In,Collected,0.0,M2016014159-0,820-00,"Shopping Center/General Retail [1-10,000]","STORES, ONE STORY",Commercial/Retail,sq. ft.,92150.050678,105280.64156511752,89217.78980982567,13130.59088711752,16062.85175529185,2016
685,2,In,Collected,0.0,M2016014276-0,210-00,Single Family Detached,SINGLE FAMILY RESIDENTIAL,Single-family,unit,-8380.498000000001,-10403.237169188493,-8113.809111186343,-2022.7391691884914,-2289.4280580021496,2016
686,2,In,Collected,0.0,M2016014276-0,820-00,"Shopping Center/General Retail [1-10,000]","STORES, ONE STORY",Commercial/Retail,sq. ft.,22765.123591,26008.958208222335,22040.679111186342,3243.8346172223355,3968.279097035993,2016
687,2,In,Collected,0.0,M2016014680-0,222-00,High-Rise Apart or Condo over 3 floors,MULTI-FAMILY 10 OR MORE,Multifamily,unit,867944.28,1157360.13507222,840323.3007389167,289415.85507221986,317036.83433330315,2016
688,2,In,Collected,0.0,M2016014680-0,820-01,"Shopping Center/General Retail [10,001 -50,000]","STORES, ONE STORY",Commercial/Retail,sq. ft.,-349241.77814400004,-285007.6254252249,-338127.70073891676,64234.15271877515,53120.075313691865,2016
689,2,In,Collected,0.0,M2016014682-0,710-00,"General Office Building [1-50,000]","OFFICE, ONE STORY",Office,sq. ft.,-4811.129286600001,-5649.400274698002,-4658.031523463319,-838.270988098001,-991.3687512346833,2016
690,2,In,Collected,0.0,M2016014682-0,720-00,Medical Office Building,PROFESSIONAL BUILDING,Office,sq. ft.,11109.410585000001,5175.3928623196225,10755.891523463319,-5934.017722680379,-5580.498661143696,2016
691,2,In,Collected,0.0,M2016014756-0,710-00,"General Office Building [1-50,000]","OFFICE, ONE STORY",Office,sq. ft.,-1392.946884,-1635.6481067817094,-1348.621987772637,-242.70122278170948,-287.0261190090723,2016
692,2,In,Collected,0.0,M2016014756-0,720-00,Medical Office Building,PROFESSIONAL BUILDING,Office,sq. ft.,3216.4629000000004,1498.4106498910062,3114.1119877726364,-1718.0522501089943,-1615.7013378816303,2016
693,2,In,Collected,0.0,M2016014873-0,210-00,Single Family Detached,SINGLE FAMILY RESIDENTIAL,Single-family,unit,-8380.498000000001,-10403.237169188493,-8113.820000000007,-2022.7391691884914,-2289.417169188486,2016
694,2,In,Collected,0.0,M2016014873-0,230-00,"Condominium,Townhouse",CONDOMINIUM,Single-family,unit,10262.196,12915.883434628091,9935.640000000007,2653.687434628091,2980.2434346280843,2016
695,2,In,Collected,0.0,M2016014937-0,230-00,"Condominium,Townhouse",CONDOMINIUM,Single-family,unit,0.0,0.0,0.0,0.0,0.0,2016
696,2,In,Collected,0.0,M2016015018-0,820-00,"Shopping Center/General Retail [1-10,000]","STORES, ONE STORY",Commercial/Retail,sq. ft.,-34667.700899999996,-39607.55057089696,-14074.199999999999,-4939.8496708969615,-25533.35057089696,2016
697,2,In,Collected,0.0,M2016015179-0,210-00,Single Family Detached,SINGLE FAMILY RESIDENTIAL,Single-family,unit,-8380.498000000001,-10403.237169188493,-8113.820000000007,-2022.7391691884914,-2289.417169188486,2016
698,2,In,Collected,0.0,M2016015179-0,230-00,"Condominium,Townhouse",CONDOMINIUM,Single-family,unit,10262.196,12915.883434628091,9935.640000000007,2653.687434628091,2980.2434346280843,2016
699,2,In,Collected,0.0,M2016015314-0,937-00,Coffee/Donut Shop,DRIVE-IN RESTAURANTS,Commercial/Retail,sq. ft.,141608.85199999998,256984.87613523658,137102.62,115376.0241352366,119882.25613523659,2016
700,2,In,Collected,0.0,M2016015435-0,150-00,Warehousing,"WAREHOUSING, DISTRIBUTION TERMINALS",Industrial/Manufacturing,sq. ft.,2240.2249800000004,973.9332879636466,2168.919453249454,-1266.2916920363537,-1194.9861652858071,2016
701,2,In,Collected,0.0,M2016015435-0,710-00,"General Office Building [1-50,000]","OFFICE, ONE STORY",Office,sq. ft.,-20812.265208000004,-24438.50700720907,-20149.81855787448,-3626.241799209067,-4288.68844933459,2016
702,2,In,Collected,0.0,M2016015435-0,820-00,"Shopping Center/General Retail [1-10,000]","STORES, ONE STORY",Commercial/Retail,sq. ft.,25158.845795999998,28743.76527145093,24358.049104625028,3584.9194754509335,4385.716166825903,2016
703,2,In,Collected,0.0,M2016015452-0,820-00,"Shopping Center/General Retail [1-10,000]","STORES, ONE STORY",Commercial/Retail,sq. ft.,-12480.372324,-14258.718205522904,-12083.330403414895,-1778.3458815229042,-2175.387802108009,2016
704,2,In,Collected,0.0,M2016015452-0,932-01,High turnover Rest/Seats,"RESTAURANTS, CAFETERIAS",Commercial/Retail,seats,13883.800000000001,5256.422490244167,13442.110403414894,-8627.377509755834,-8185.6879131707265,2016
705,2,In,Collected,0.0,M2016015509-0,210-00,Single Family Detached,SINGLE FAMILY RESIDENTIAL,Single-family,unit,0.0,0.0,0.0,0.0,0.0,2016
706,2,In,Collected,0.0,M2016015591-0,210-00,Single Family Detached,SINGLE FAMILY RESIDENTIAL,Single-family,unit,-8380.498000000001,-10403.237169188493,-8113.820000000003,-2022.7391691884914,-2289.4171691884894,2016
707,2,In,Collected,0.0,M2016015591-0,230-00,"Condominium,Townhouse",CONDOMINIUM,Single-family,unit,20524.392,25831.766869256182,19871.280000000006,5307.374869256182,5960.486869256176,2016
708,2,In,Collected,0.0,M2016015688-0,310-00,Hotel,"HOTELS, MOTELS",Commercial/Retail,room,31241.504,36852.14522644738,30247.36,5610.6412264473765,6604.785226447377,2016
709,2,In,Collected,0.0,M2016015694-0,210-00,Single Family Detached,SINGLE FAMILY RESIDENTIAL,Single-family,unit,8380.498000000001,10403.237169188493,8113.82,2022.7391691884914,2289.417169188493,2016
710,2,In,Collected,0.0,M2016015715-0,210-00,Single Family Detached,SINGLE FAMILY RESIDENTIAL,Single-family,unit,0.0,0.0,0.0,0.0,0.0,2016
711,2,In,Collected,0.0,M2016015780-0,210-00,Single Family Detached,SINGLE FAMILY RESIDENTIAL,Single-family,unit,-8380.498000000001,-10403.237169188493,-14894.822305475487,-2022.7391691884914,4491.585136286994,2016
712,2,In,Collected,0.0,M2016015780-0,231-00,Duplex,MULTI-FAMILY LESS THAN 10,Multifamily,unit,7355.46,7582.020309747545,13073.002305475486,226.56030974754503,-5490.981995727941,2016
713,2,In,Collected,0.0,M2016015876-0,230-00,"Condominium,Townhouse",CONDOMINIUM,Single-family,unit,0.0,0.0,0.0,0.0,0.0,2016
714,2,In,Collected,0.0,M2016015997-0,230-00,"Condominium,Townhouse",CONDOMINIUM,Single-family,unit,0.0,0.0,0.0,0.0,0.0,2016
715,2,In,Collected,0.0,M2016016174-0,210-00,Single Family Detached,SINGLE FAMILY RESIDENTIAL,Single-family,unit,0.0,0.0,0.0,0.0,0.0,2016
716,2,In,Collected,0.0,M2016016309-0,150-00,Warehousing,"WAREHOUSING, DISTRIBUTION TERMINALS",Industrial/Manufacturing,sq. ft.,-8565.5661,-3723.862571625708,-8293.03598533163,4841.703528374292,4569.173413705921,2016
717,2,In,Collected,0.0,M2016016309-0,710-00,"General Office Building [1-50,000]","OFFICE, ONE STORY",Office,sq. ft.,26629.866900000005,31269.74321788562,25782.58598533163,4639.876317885617,5487.157232553993,2016
718,2,In,Collected,0.0,M2016016311-0,820-00,"Shopping Center/General Retail [1-10,000]","STORES, ONE STORY",Commercial/Retail,sq. ft.,17432.901024,19916.93971565104,16878.149999999998,2484.0386916510397,3038.7897156510408,2016
719,2,In,Collected,0.0,M2016016496-0,210-00,Single Family Detached,SINGLE FAMILY RESIDENTIAL,Single-family,unit,8380.498000000001,10403.237169188493,8113.82,2022.7391691884914,2289.417169188493,2016
720,2,In,Collected,0.0,M2016016568-0,210-00,Single Family Detached,SINGLE FAMILY RESIDENTIAL,Single-family,unit,-8380.498000000001,-10403.237169188493,-8113.820000000007,-2022.7391691884914,-2289.417169188486,2016
721,2,In,Collected,0.0,M2016016568-0,230-00,"Condominium,Townhouse",CONDOMINIUM,Single-family,unit,10262.196,12915.883434628091,9935.640000000007,2653.687434628091,2980.2434346280843,2016
722,2,In,Collected,0.0,M2016016673-0,210-00,Single Family Detached,SINGLE FAMILY RESIDENTIAL,Single-family,unit,7542.448200000001,9362.913452269644,7302.4400000000005,1820.4652522696433,2060.4734522696435,2016
723,2,In,Collected,0.0,M2016017096-0,210-00,Single Family Detached,SINGLE FAMILY RESIDENTIAL,Single-family,unit,-8380.498000000001,-10403.237169188493,-8113.820000000007,-2022.7391691884914,-2289.417169188486,2016
724,2,In,Collected,0.0,M2016017096-0,230-00,"Condominium,Townhouse",CONDOMINIUM,Single-family,unit,10262.196,12915.883434628091,9935.640000000007,2653.687434628091,2980.2434346280843,2016
725,2,In,Collected,0.0,M2016017236-0,210-00,Single Family Detached,SINGLE FAMILY RESIDENTIAL,Single-family,unit,0.0,0.0,0.0,0.0,0.0,2016
726,2,In,Collected,0.0,M2016017249-0,210-00,Single Family Detached,SINGLE FAMILY RESIDENTIAL,Single-family,unit,-8380.498000000001,-10403.237169188493,-8113.820000000007,-2022.7391691884914,-2289.417169188486,2016
727,2,In,Collected,0.0,M2016017249-0,230-00,"Condominium,Townhouse",CONDOMINIUM,Single-family,unit,10262.196,12915.883434628091,9935.640000000007,2653.687434628091,2980.2434346280843,2016
728,2,In,Collected,0.0,M2016017328-0,210-00,Single Family Detached,SINGLE FAMILY RESIDENTIAL,Single-family,unit,2095.1245,2600.8092922971227,2028.46,505.68479229712284,572.3492922971227,2016
729,2,In,Collected,0.0,M2016017449-0,710-00,"General Office Building [1-50,000]","OFFICE, ONE STORY",Office,sq. ft.,86471.95754400002,101538.46874648808,83722.6446375801,15066.511202488065,17815.824108907982,2016
730,2,In,Collected,0.0,M2016017449-0,720-00,Medical Office Building,PROFESSIONAL BUILDING,Office,sq. ft.,117085.55635000001,54545.08571613045,113362.90636760987,-62540.47063386956,-58817.82065147942,2016
731,2,In,Collected,0.0,M2016017449-0,912-00,Bank (Drive-in),"RESTAURANTS, CAFETERIAS",Commercial/Retail,sq. ft.,-186143.64253800001,-101105.19245074921,-180225.34100518998,85038.4500872508,79120.14855444078,2016
732,2,In,Collected,0.0,M2016017511-0,710-00,"General Office Building [1-50,000]","OFFICE, ONE STORY",Office,sq. ft.,-22806.091140000004,-26779.728807112304,-22080.12792335579,-3973.6376671123,-4699.600883756513,2016
733,2,In,Collected,0.0,M2016017511-0,820-00,"Shopping Center/General Retail [1-10,000]","STORES, ONE STORY",Commercial/Retail,sq. ft.,27569.07643,31497.433073046624,26691.497923355793,3928.3566430466235,4805.935149690831,2016
734,2,In,Collected,0.0,M2016017921-0,210-00,Single Family Detached,SINGLE FAMILY RESIDENTIAL,Single-family,unit,-8380.498000000001,-10403.237169188493,-8113.820000000007,-2022.7391691884914,-2289.417169188486,2016
735,2,In,Collected,0.0,M2016017921-0,230-00,"Condominium,Townhouse",CONDOMINIUM,Single-family,unit,10262.196,12915.883434628091,9935.640000000007,2653.687434628091,2980.2434346280843,2016
736,2,In,Collected,0.0,M2016017922-0,210-00,Single Family Detached,SINGLE FAMILY RESIDENTIAL,Single-family,unit,0.0,0.0,0.0,0.0,0.0,2016
737,2,In,Collected,0.0,M2016017943-0,210-00,Single Family Detached,SINGLE FAMILY RESIDENTIAL,Single-family,unit,0.0,0.0,0.0,0.0,0.0,2016
738,2,In,Collected,0.0,M2016018152-0,151-00,Mini-Warehouse,"WAREHOUSING, DISTRIBUTION TERMINALS",Industrial/Manufacturing,sq. ft.,250732.825952,195912.88182394052,242756.62730008923,-54819.94412805949,-46843.7454761487,2016
739,2,In,Collected,0.0,M2016018152-0,210-00,Single Family Detached,SINGLE FAMILY RESIDENTIAL,Single-family,unit,-16760.996000000003,-20806.474338376986,-16227.802816409932,-4045.4783383769827,-4578.671521967053,2016
740,2,In,Collected,0.0,M2016018152-0,220-00,Apartment (Rentals),MULTI-FAMILY 10 OR MORE,Multifamily,unit,-35306.208,-48401.50174478376,-34183.06296470417,-13095.293744783761,-14218.438780079588,2016
741,2,In,Collected,0.0,M2016018152-0,820-00,"Shopping Center/General Retail [1-10,000]","STORES, ONE STORY",Commercial/Retail,sq. ft.,42344.120385,48377.79391159557,40997.08848102488,6033.673526595565,7380.705430570684,2016
742,2,In,Collected,0.0,M2016018252-0,210-00,Single Family Detached,SINGLE FAMILY RESIDENTIAL,Single-family,unit,-8380.498000000001,-10403.237169188493,-8113.820000000007,-2022.7391691884914,-2289.417169188486,2016
743,2,In,Collected,0.0,M2016018252-0,230-00,"Condominium,Townhouse",CONDOMINIUM,Single-family,unit,10262.196,12915.883434628091,9935.640000000007,2653.687434628091,2980.2434346280843,2016
744,2,In,Collected,0.0,M2017000150-0,230-00,"Condominium,Townhouse",CONDOMINIUM,Single-family,unit,-10262.196,-12915.883434628091,-10262.025361767619,-2653.687434628091,-2653.858072860472,2016
745,2,In,Collected,0.0,M2017000150-0,710-00,"General Office Building [1-50,000]","OFFICE, ONE STORY",Office,sq. ft.,13232.995398000003,15538.65701442624,13232.775361767619,2305.6616164262377,2305.8816526586215,2016
746,2,In,Collected,0.0,M2017000397-0,210-00,Single Family Detached,SINGLE FAMILY RESIDENTIAL,Single-family,unit,-25141.494000000006,-31209.71150756548,-492.9719352715305,-6068.217507565474,-30716.73957229395,2016
747,2,In,Collected,0.0,M2017000397-0,220-00,Apartment (Rentals),MULTI-FAMILY 10 OR MORE,Multifamily,unit,105918.62400000001,145204.50523435127,2076.8419352715305,39285.881234351255,143127.66329907972,2016
748,2,In,Collected,0.0,M2017000479-0,210-00,Single Family Detached,SINGLE FAMILY RESIDENTIAL,Single-family,unit,0.0,0.0,0.0,0.0,0.0,2016
749,2,In,Collected,0.0,M2017000829-0,210-00,Single Family Detached,SINGLE FAMILY RESIDENTIAL,Single-family,unit,-8380.498000000001,-10403.237169188493,-8380.506907378343,-2022.7391691884914,-2022.7302618101494,2016
750,2,In,Collected,0.0,M2017000829-0,230-00,"Condominium,Townhouse",CONDOMINIUM,Single-family,unit,10262.196,12915.883434628091,10262.206907378344,2653.687434628091,2653.676527249747,2016
751,2,In,Collected,0.0,M2017001011-0,210-00,Single Family Detached,SINGLE FAMILY RESIDENTIAL,Single-family,unit,0.0,0.0,0.0,0.0,0.0,2016
752,2,In,Collected,0.0,M2017001173-0,210-00,Single Family Detached,SINGLE FAMILY RESIDENTIAL,Single-family,unit,8380.498000000001,10403.237169188493,8380.5,2022.7391691884914,2022.7371691884928,2016
753,2,In,Collected,0.0,M2017001347-0,820-00,"Shopping Center/General Retail [1-10,000]","STORES, ONE STORY",Commercial/Retail,sq. ft.,-39603.721171,-45246.91134265799,-39603.7783991769,-5643.190171657996,-5643.1329434810905,2016
754,2,In,Collected,0.0,M2017001347-0,932-01,High turnover Rest/Seats,"RESTAURANTS, CAFETERIAS",Commercial/Retail,seats,88856.32,33641.10393756267,88856.44839917691,-55215.216062437335,-55215.34446161424,2016
755,2,In,Collected,0.0,M2017001540-0,820-00,"Shopping Center/General Retail [1-10,000]","STORES, ONE STORY",Commercial/Retail,sq. ft.,-4820.461268,-5507.335603191386,-4820.466457930614,-686.8743351913863,-686.8691452607727,2016
756,2,In,Collected,0.0,M2017001540-0,932-00,High Turnover Rest.,DRIVE-IN RESTAURANTS,Commercial/Retail,sq. ft.,13298.64214,3940.0988257902172,13298.656457930614,-9358.543314209783,-9358.557632140397,2016
757,2,In,Collected,0.0,M2017001726-0,710-00,"General Office Building [1-50,000]","OFFICE, ONE STORY",Office,sq. ft.,-10570.008708000001,-12411.682692637678,-10570.031030554122,-1841.6739846376768,-1841.6516620835555,2016
758,2,In,Collected,0.0,M2017001726-0,820-00,"Shopping Center/General Retail [1-10,000]","STORES, ONE STORY",Commercial/Retail,sq. ft.,12777.524046,14598.211496130592,12777.551030554121,1820.687450130592,1820.6604655764713,2016
759,2,In,Collected,0.0,M2017001803-0,210-00,Single Family Detached,SINGLE FAMILY RESIDENTIAL,Single-family,unit,0.0,0.0,0.0,0.0,0.0,2016
760,2,In,Collected,0.0,M2017001886-0,210-00,Single Family Detached,SINGLE FAMILY RESIDENTIAL,Single-family,unit,4190.249000000001,5201.618584594246,4190.25,1011.3695845942457,1011.3685845942464,2016
761,2,In,Collected,0.0,M2017002077-0,230-00,"Condominium,Townhouse",CONDOMINIUM,Single-family,unit,0.0,0.0,0.0,0.0,0.0,2016
762,2,In,Collected,0.0,M2017002333-0,210-00,Single Family Detached,SINGLE FAMILY RESIDENTIAL,Single-family,unit,-8380.498000000001,-10403.237169188493,-8380.501724327925,-2022.7391691884914,-2022.7354448605674,2016
763,2,In,Collected,0.0,M2017002333-0,230-00,"Condominium,Townhouse",CONDOMINIUM,Single-family,unit,20524.392,25831.766869256182,20524.401121124574,5307.374869256182,5307.365748131608,2016
764,2,In,Collected,0.0,M2017002333-0,820-00,"Shopping Center/General Retail [1-10,000]","STORES, ONE STORY",Commercial/Retail,sq. ft.,-41271.0725,-47151.84591773447,-41271.090841035075,-5880.773417734468,-5880.755076699395,2016
765,2,In,Collected,0.0,M2017002333-0,932-01,High turnover Rest/Seats,"RESTAURANTS, CAFETERIAS",Commercial/Retail,seats,183266.16,69384.776871223,183266.24144423843,-113881.383128777,-113881.46457301543,2016
766,2,In,Collected,0.0,M2017002492-0,310-00,Hotel,"HOTELS, MOTELS",Commercial/Retail,room,46862.255999999994,55278.217839671066,46862.25,8415.961839671072,8415.967839671066,2016
767,2,In,Collected,0.0,M2017002525-0,210-00,Single Family Detached,SINGLE FAMILY RESIDENTIAL,Single-family,unit,-8380.498000000001,-10403.237169188493,-8380.506907378343,-2022.7391691884914,-2022.7302618101494,2016
768,2,In,Collected,0.0,M2017002525-0,230-00,"Condominium,Townhouse",CONDOMINIUM,Single-family,unit,10262.196,12915.883434628091,10262.206907378344,2653.687434628091,2653.676527249747,2016
769,2,In,Collected,0.0,M2017002637-0,210-00,Single Family Detached,SINGLE FAMILY RESIDENTIAL,Single-family,unit,-8380.498000000001,-10403.237169188493,-8380.506907378343,-2022.7391691884914,-2022.7302618101494,2016
770,2,In,Collected,0.0,M2017002637-0,230-00,"Condominium,Townhouse",CONDOMINIUM,Single-family,unit,10262.196,12915.883434628091,10262.206907378344,2653.687434628091,2653.676527249747,2016
771,2,In,Collected,0.0,M2017002673-0,520-00,Elementary School (30 SF/St),PUBLIC COUNTY SCHOOLS,Other,student,15337.168,182538.40934653336,15337.168186395496,167201.24134653335,167201.24116013787,2016
772,2,In,Collected,0.0,M2017002673-0,530-00,High School (25 SF/St),PUBLIC COUNTY SCHOOLS,Other,student,313794.558,710716.6771316414,313794.5618136045,396922.1191316414,396922.11531803693,2016
773,2,In,Collected,0.0,M2017002841-0,210-00,Single Family Detached,SINGLE FAMILY RESIDENTIAL,Single-family,unit,8380.498000000001,10403.237169188493,8380.5,2022.7391691884914,2022.7371691884928,2016
774,2,In,Collected,0.0,M2017002914-0,820-00,"Shopping Center/General Retail [1-10,000]","STORES, ONE STORY",Commercial/Retail,sq. ft.,-23491.494467,-26838.83069637446,-23491.551989121057,-3347.3362293744613,-3347.2787072534047,2016
775,2,In,Collected,0.0,M2017002914-0,932-01,High turnover Rest/Seats,"RESTAURANTS, CAFETERIAS",Commercial/Retail,seats,41651.4,15769.267470732502,41651.50198912106,-25882.1325292675,-25882.23451838856,2016
776,2,In,Collected,0.0,M2017002923-0,210-00,Single Family Detached,SINGLE FAMILY RESIDENTIAL,Single-family,unit,0.0,0.0,0.0,0.0,0.0,2016
777,2,In,Collected,0.0,M2017002932-0,210-00,Single Family Detached,SINGLE FAMILY RESIDENTIAL,Single-family,unit,0.0,0.0,0.0,0.0,0.0,2016
778,2,In,Collected,0.0,M2017003037-0,210-00,Single Family Detached,SINGLE FAMILY RESIDENTIAL,Single-family,unit,8380.498000000001,10403.237169188493,8380.5,2022.7391691884914,2022.7371691884928,2016
779,2,In,Collected,0.0,M2017003126-0,710-00,"General Office Building [1-50,000]","OFFICE, ONE STORY",Office,sq. ft.,44273.860764000005,51987.95257045394,44273.98151582859,7714.091806453936,7713.971054625348,2016
780,2,In,Collected,0.0,M2017003126-0,720-00,Medical Office Building,PROFESSIONAL BUILDING,Office,sq. ft.,47490.12870000001,22123.592536626034,47490.25822382697,-25366.536163373974,-25366.665687200933,2016
781,2,In,Collected,0.0,M2017003126-0,912-00,Bank (Drive-in),"RESTAURANTS, CAFETERIAS",Commercial/Retail,sq. ft.,-65725.12048200001,-35699.04867325633,-65725.29973965556,30026.071808743684,30026.25106639923,2016
782,2,In,Collected,0.0,M2017003211-0,210-00,Single Family Detached,SINGLE FAMILY RESIDENTIAL,Single-family,unit,-4190.249000000001,-5201.618584594246,-4190.251070299199,-1011.3695845942457,-1011.3675142950478,2016
783,2,In,Collected,0.0,M2017003211-0,230-00,"Condominium,Townhouse",CONDOMINIUM,Single-family,unit,10262.196,12915.883434628091,10262.2010702992,2653.687434628091,2653.6823643288917,2016
784,2,In,Collected,0.0,M2017003213-0,210-00,Single Family Detached,SINGLE FAMILY RESIDENTIAL,Single-family,unit,4190.249000000001,5201.618584594246,4190.25,1011.3695845942457,1011.3685845942464,2016
785,2,In,Collected,0.0,M2017003354-0,230-00,"Condominium,Townhouse",CONDOMINIUM,Single-family,unit,0.0,0.0,0.0,0.0,0.0,2016
786,2,In,Collected,0.0,M2017003403-0,210-00,Single Family Detached,SINGLE FAMILY RESIDENTIAL,Single-family,unit,0.0,0.0,0.0,0.0,0.0,2016
787,2,In,Collected,0.0,M2017003405-0,230-00,"Condominium,Townhouse",CONDOMINIUM,Single-family,unit,0.0,0.0,0.0,0.0,0.0,2016
788,2,In,Collected,0.0,M2017003406-0,230-00,"Condominium,Townhouse",CONDOMINIUM,Single-family,unit,0.0,0.0,0.0,0.0,0.0,2016
789,2,In,Collected,0.0,M2017003408-0,210-00,Single Family Detached,SINGLE FAMILY RESIDENTIAL,Single-family,unit,-8380.498000000001,-10403.237169188493,-8380.506907378343,-2022.7391691884914,-2022.7302618101494,2016
790,2,In,Collected,0.0,M2017003408-0,230-00,"Condominium,Townhouse",CONDOMINIUM,Single-family,unit,10262.196,12915.883434628091,10262.206907378344,2653.687434628091,2653.676527249747,2016
791,2,In,Collected,0.0,M2017003410-0,230-00,"Condominium,Townhouse",CONDOMINIUM,Single-family,unit,0.0,0.0,0.0,0.0,0.0,2016
792,2,In,Collected,0.0,M2017003411-0,210-00,Single Family Detached,SINGLE FAMILY RESIDENTIAL,Single-family,unit,-8380.498000000001,-10403.237169188493,-8380.506907378343,-2022.7391691884914,-2022.7302618101494,2016
793,2,In,Collected,0.0,M2017003411-0,230-00,"Condominium,Townhouse",CONDOMINIUM,Single-family,unit,10262.196,12915.883434628091,10262.206907378344,2653.687434628091,2653.676527249747,2016
794,2,In,Collected,0.0,M2017003413-0,230-00,"Condominium,Townhouse",CONDOMINIUM,Single-family,unit,0.0,0.0,0.0,0.0,0.0,2016
795,2,In,Collected,0.0,M2017003748-0,210-00,Single Family Detached,SINGLE FAMILY RESIDENTIAL,Single-family,unit,0.0,0.0,0.0,0.0,0.0,2016
796,2,In,Collected,0.0,M2017003884-0,210-00,Single Family Detached,SINGLE FAMILY RESIDENTIAL,Single-family,unit,-8380.498000000001,-10403.237169188493,-8380.506907378343,-2022.7391691884914,-2022.7302618101494,2016
797,2,In,Collected,0.0,M2017003884-0,230-00,"Condominium,Townhouse",CONDOMINIUM,Single-family,unit,10262.196,12915.883434628091,10262.206907378344,2653.687434628091,2653.676527249747,2016
798,2,Out,Assessed,0.0,C2014141195-0,210-00,Single Family Detached,SINGLE FAMILY RESIDENTIAL,Single-family,unit,8380.498000000001,9053.22441968984,6132.46,672.7264196898377,2920.764419689839,2016
799,2,Out,Assessed,0.0,C2015011120-0,820-08,"Shopping Center/General Retail [600,001-800,000]",REGIONAL SHOPPING CENTER,Commercial/Retail,sq. ft.,41816.561094000004,31530.14975961849,30599.38,-10286.411334381515,930.769759618488,2016
800,2,Out,Assessed,0.0,C2015044720-0,560-00,Church/Synagogue,"CHURCHES, TEMPLES",Other,sq. ft.,3992.056278,2209.7508051003806,2921.2000000000003,-1782.3054728996194,-711.4491948996197,2016
801,2,Out,Assessed,0.0,C2015096403-0,210-00,Single Family Detached,SINGLE FAMILY RESIDENTIAL,Single-family,unit,-8380.498000000001,-9053.22441968984,-6132.462762951341,-672.7264196898377,-2920.7616567384985,2016
802,2,Out,Assessed,0.0,C2015096403-0,230-00,"Condominium,Townhouse",CONDOMINIUM,Single-family,unit,10262.196,11239.808283767474,7509.402762951341,977.6122837674739,3730.4055208161326,2016
803,2,Out,Assessed,0.0,C2015109690-0,230-00,"Condominium,Townhouse",CONDOMINIUM,Single-family,unit,10262.196,11239.808283767474,8448.07,977.6122837674739,2791.738283767474,2016
804,2,Out,Assessed,0.0,C2015145374-0,210-00,Single Family Detached,SINGLE FAMILY RESIDENTIAL,Single-family,unit,-8380.498000000001,-9053.22441968984,-6899.013393100761,-672.7264196898377,-2154.211026589078,2016
805,2,Out,Assessed,0.0,C2015145374-0,220-00,Apartment (Rentals),MULTI-FAMILY 10 OR MORE,Multifamily,unit,23537.472,28080.34014920748,19376.57339310076,4542.868149207479,8703.766756106721,2016
806,2,Out,Assessed,0.0,C2016020958-0,140-00,Manufacturing,HEAVY INDUSTRIAL,Industrial/Manufacturing,sq. ft.,-2047.2032350000009,-2275.430865867089,-1783.851385229822,-228.227630867088,-491.5794806372669,2016
807,2,Out,Assessed,0.0,C2016020958-0,932-00,High Turnover Rest.,DRIVE-IN RESTAURANTS,Commercial/Retail,sq. ft.,27553.693475,7118.45219233713,24009.19138522982,-20435.24128266287,-16890.739192892688,2016
808,2,Out,Assessed,0.0,C2016043714-0,210-00,Single Family Detached,SINGLE FAMILY RESIDENTIAL,Single-family,unit,-8380.498000000001,-9053.22441968984,-7302.446907378344,-672.7264196898377,-1750.7775123114952,2016
809,2,Out,Assessed,0.0,C2016043714-0,230-00,"Condominium,Townhouse",CONDOMINIUM,Single-family,unit,10262.196,11239.808283767474,8942.086907378343,977.6122837674739,2297.7213763891305,2016
810,2,Out,Assessed,0.0,C2016050711-0,150-00,Warehousing,"WAREHOUSING, DISTRIBUTION TERMINALS",Industrial/Manufacturing,sq. ft.,778368.3656000001,295072.46567453915,753596.16,-483295.899925461,-458523.6943254609,2016
811,2,Out,Assessed,0.0,C2016053035-0,210-00,Single Family Detached,SINGLE FAMILY RESIDENTIAL,Single-family,unit,-8380.498000000001,-9053.22441968984,-8113.846203019113,-672.7264196898377,-939.378216670726,2016
812,2,Out,Assessed,0.0,C2016053035-0,710-00,"General Office Building [1-50,000]","OFFICE, ONE STORY",Office,sq. ft.,16005.232824000002,16387.897906152008,15495.976203019114,382.6650821520052,891.9217031328935,2016
813,2,Out,Assessed,0.0,C2016060992-0,150-00,Warehousing,"WAREHOUSING, DISTRIBUTION TERMINALS",Industrial/Manufacturing,sq. ft.,-32628.217944000004,-12369.064757508335,-31590.086897321424,20259.15318649167,19221.02213981309,2016
814,2,Out,Assessed,0.0,C2016060992-0,710-00,"General Office Building [1-50,000]","OFFICE, ONE STORY",Office,sq. ft.,101439.30837600002,103864.59526185761,98211.81689732142,2425.2868858575966,5652.778364536192,2016
815,2,Out,Assessed,0.0,C2016074136-0,150-00,Warehousing,"WAREHOUSING, DISTRIBUTION TERMINALS",Industrial/Manufacturing,sq. ft.,664938.307446,252072.14806103113,643776.1100000001,-412866.1593849689,-391703.961938969,2016
816,2,Out,Assessed,0.0,C2016083112-0,210-00,Single Family Detached,SINGLE FAMILY RESIDENTIAL,Single-family,unit,8380.498000000001,9053.22441968984,8113.82,672.7264196898377,939.4044196898394,2016
817,2,Out,Assessed,0.0,C2016087566-0,150-00,Warehousing,"WAREHOUSING, DISTRIBUTION TERMINALS",Industrial/Manufacturing,sq. ft.,-10717.939120000001,-4063.074583780336,-10376.888921126418,6654.864536219665,6313.814337346082,2016
818,2,Out,Assessed,0.0,C2016087566-0,820-00,"Shopping Center/General Retail [1-10,000]","STORES, ONE STORY",Commercial/Retail,sq. ft.,40280.56676,40128.640940035526,38998.81892112642,-151.92581996447552,1129.822018909108,2016
819,2,Out,Assessed,0.0,C2016089237-0,150-00,Warehousing,"WAREHOUSING, DISTRIBUTION TERMINALS",Industrial/Manufacturing,sq. ft.,-3333.9818820000005,-1263.8826266759324,-3227.8936603155043,2070.099255324068,1964.011033639572,2016
820,2,Out,Assessed,0.0,C2016089237-0,932-01,High turnover Rest/Seats,"RESTAURANTS, CAFETERIAS",Commercial/Retail,seats,13883.800000000001,4583.489062076042,13442.013660315504,-9300.31093792396,-8858.524598239463,2016
821,2,Out,Assessed,0.0,C2016096841-0,210-00,Single Family Detached,SINGLE FAMILY RESIDENTIAL,Single-family,unit,8380.498000000001,9053.22441968984,8113.82,672.7264196898377,939.4044196898394,2016
822,2,Out,Assessed,0.0,C2016104652-0,560-00,Church/Synagogue,"CHURCHES, TEMPLES",Other,sq. ft.,44986.597453,24901.745621255865,0.0,-20084.851831744138,24901.745621255865,2016
823,2,Out,Assessed,0.0,C2016104652-0,820-00,"Shopping Center/General Retail [1-10,000]","STORES, ONE STORY",Commercial/Retail,sq. ft.,-44986.45953074,-44816.784541005414,0.0,169.67498973458714,-44816.784541005414,2016
824,2,Out,Assessed,0.0,C2016108030-0,932-00,High Turnover Rest.,DRIVE-IN RESTAURANTS,Commercial/Retail,sq. ft.,23409.25363,6047.742854316173,22664.370000000003,-17361.510775683826,-16616.62714568383,2016
825,2,Out,Assessed,0.0,C2016120801-0,210-00,Single Family Detached,SINGLE FAMILY RESIDENTIAL,Single-family,unit,-8380.498000000001,-9053.22441968984,-8113.820000000007,-672.7264196898377,-939.4044196898321,2016
826,2,Out,Assessed,0.0,C2016120801-0,230-00,"Condominium,Townhouse",CONDOMINIUM,Single-family,unit,10262.196,11239.808283767474,9935.640000000007,977.6122837674739,1304.168283767467,2016
827,2,Out,Assessed,0.0,C2016122327-0,150-00,Warehousing,"WAREHOUSING, DISTRIBUTION TERMINALS",Industrial/Manufacturing,sq. ft.,-6159.037359720001,-2334.835818402361,-2271.222418283423,3824.2015413176405,-63.61340011893799,2016
828,2,Out,Assessed,0.0,C2016122327-0,710-00,"General Office Building [1-50,000]","OFFICE, ONE STORY",Office,sq. ft.,6159.010242000001,6306.264467299109,2271.2124182834227,147.25422529910793,4035.0520490156864,2016
829,2,Out,Assessed,0.0,C2016123445-0,210-00,Single Family Detached,SINGLE FAMILY RESIDENTIAL,Single-family,unit,-8380.498000000001,-9053.22441968984,-8113.820000000007,-672.7264196898377,-939.4044196898321,2016
830,2,Out,Assessed,0.0,C2016123445-0,230-00,"Condominium,Townhouse",CONDOMINIUM,Single-family,unit,10262.196,11239.808283767474,9935.640000000007,977.6122837674739,1304.168283767467,2016
831,2,Out,Assessed,0.0,C2016157437-0,820-00,"Shopping Center/General Retail [1-10,000]","STORES, ONE STORY",Commercial/Retail,sq. ft.,-66826.12059199999,-66574.07316609172,-64699.76851205615,252.04742590826936,-1874.3046540355717,2016
832,2,Out,Assessed,0.0,C2016157437-0,932-00,High Turnover Rest.,DRIVE-IN RESTAURANTS,Commercial/Retail,sq. ft.,184359.25816,47628.91648691025,178493.09851205617,-136730.34167308974,-130864.18202514591,2016
833,2,Out,Assessed,0.0,C2016158092-0,710-00,"General Office Building [1-50,000]","OFFICE, ONE STORY",Office,sq. ft.,9177.061824000002,9396.4738847561,8885.05,219.41206075609807,511.42388475610096,2016
834,2,Out,Assessed,0.0,C2016161184-0,210-00,Single Family Detached,SINGLE FAMILY RESIDENTIAL,Single-family,unit,-8380.498000000001,-9053.22441968984,-8113.820000000007,-672.7264196898377,-939.4044196898321,2016
835,2,Out,Assessed,0.0,C2016161184-0,230-00,"Condominium,Townhouse",CONDOMINIUM,Single-family,unit,10262.196,11239.808283767474,9935.640000000007,977.6122837674739,1304.168283767467,2016
836,2,Out,Assessed,0.0,C2016161764-0,710-00,"General Office Building [1-50,000]","OFFICE, ONE STORY",Office,sq. ft.,5640.069246000001,5774.9162416730205,5460.599999999999,134.8469956730196,314.31624167302107,2016
837,2,Out,Assessed,0.0,C2016167726-0,150-00,Warehousing,"WAREHOUSING, DISTRIBUTION TERMINALS",Industrial/Manufacturing,sq. ft.,-10801.398482,-4094.7132793097735,-10457.69050347434,6706.685202690227,6362.977224164566,2016
838,2,Out,Assessed,0.0,C2016167726-0,820-00,"Shopping Center/General Retail [1-10,000]","STORES, ONE STORY",Commercial/Retail,sq. ft.,40594.226911,40441.11806210957,39302.49050347434,-153.1088488904279,1138.6275586352276,2016
839,2,Out,Assessed,0.0,C2016184635-0,210-00,Single Family Detached,SINGLE FAMILY RESIDENTIAL,Single-family,unit,8380.498000000001,9053.22441968984,8113.82,672.7264196898377,939.4044196898394,2016
840,2,Out,Assessed,0.0,C2016184644-0,210-00,Single Family Detached,SINGLE FAMILY RESIDENTIAL,Single-family,unit,8380.498000000001,9053.22441968984,8113.82,672.7264196898377,939.4044196898394,2016
841,2,Out,Assessed,0.0,C2016190079-0,150-00,Warehousing,"WAREHOUSING, DISTRIBUTION TERMINALS",Industrial/Manufacturing,sq. ft.,8928.8339546,3384.840863299299,8644.67,-5543.993091300701,-5259.8291367007005,2016
842,2,Out,Assessed,0.0,C2016192664-0,710-00,"General Office Building [1-50,000]","OFFICE, ONE STORY",Office,sq. ft.,8931.247668000002,9144.782619985848,8647.06,213.53495198584642,497.7226199858487,2016
843,2,Out,Assessed,0.0,C2017003521-0,210-00,Single Family Detached,SINGLE FAMILY RESIDENTIAL,Single-family,unit,0.0,0.0,0.0,0.0,0.0,2016
844,2,Out,Assessed,0.0,C2017015330-0,560-00,Church/Synagogue,"CHURCHES, TEMPLES",Other,sq. ft.,-3059.0048041,-1693.2723032783624,0.0,1365.7325008216376,-1693.2723032783624,2016
845,2,Out,Assessed,0.0,C2017015330-0,710-00,"General Office Building [1-50,000]","OFFICE, ONE STORY",Office,sq. ft.,3059.0206080000007,3132.157961585367,0.0,73.13735358536633,3132.157961585367,2016
846,2,Out,Assessed,0.0,M2013012418-0,710-00,"General Office Building [1-50,000]","OFFICE, ONE STORY",Office,sq. ft.,21850.147200000003,22372.55686846691,12577.493657151255,522.4096684669057,9795.063211315653,2016
847,2,Out,Assessed,0.0,M2013012418-0,820-00,"Shopping Center/General Retail [1-10,000]","STORES, ONE STORY",Commercial/Retail,sq. ft.,26413.486399999998,26313.862911498705,15204.26634284875,-99.62348850129274,11109.596568649955,2016
848,2,Out,Assessed,0.0,M2015001189-0,230-00,"Condominium,Townhouse",CONDOMINIUM,Single-family,unit,-10262.196,-11239.808283767474,-13056.884684684683,-977.6122837674739,1817.076400917209,2016
849,2,Out,Assessed,0.0,M2015001189-0,231-00,Duplex,MULTI-FAMILY LESS THAN 10,Multifamily,unit,22066.38,19794.338137965926,28075.684684684682,-2272.041862034075,-8281.346546718756,2016
850,2,Out,Assessed,0.0,M2015013096-0,222-00,High-Rise Apart or Condo over 3 floors,MULTI-FAMILY 10 OR MORE,Multifamily,unit,474427.17,550530.0294621773,390559.3050359211,76102.85946217732,159970.7244262562,2016
851,2,Out,Assessed,0.0,M2015013096-0,710-00,"General Office Building [1-50,000]","OFFICE, ONE STORY",Office,sq. ft.,122907.07800000002,125845.63238512636,101179.91970754068,2938.5543851263355,24665.712677585674,2016
852,2,Out,Assessed,0.0,M2015013096-0,820-00,"Shopping Center/General Retail [1-10,000]","STORES, ONE STORY",Commercial/Retail,sq. ft.,-106248.249044,-105847.51356150354,-87465.9904235841,400.7354824964568,-18381.523137919445,2016
853,2,Out,Assessed,0.0,M2015013096-0,820-01,"Shopping Center/General Retail [10,001 -50,000]","STORES, ONE STORY",Commercial/Retail,sq. ft.,189972.92160000003,135184.81944998837,156390.05716249248,-54788.10215001166,-21205.23771250411,2016
854,2,Out,Assessed,0.0,M2015013096-0,932-00,High Turnover Rest.,DRIVE-IN RESTAURANTS,Commercial/Retail,sq. ft.,136629.885,35298.11004464693,112476.84851762984,-101331.77495535309,-77178.73847298292,2016
855,2,Out,Assessed,0.0,M2016002438-0,210-00,Single Family Detached,SINGLE FAMILY RESIDENTIAL,Single-family,unit,-8380.498000000001,-9053.22441968984,-7302.446907378344,-672.7264196898377,-1750.7775123114952,2016
856,2,Out,Assessed,0.0,M2016002438-0,230-00,"Condominium,Townhouse",CONDOMINIUM,Single-family,unit,10262.196,11239.808283767474,8942.086907378343,977.6122837674739,2297.7213763891305,2016
857,2,Out,Assessed,0.0,M2016004600-0,230-00,"Condominium,Townhouse",CONDOMINIUM,Single-family,unit,0.0,0.0,0.0,0.0,0.0,2016
858,2,Out,Assessed,0.0,M2016005375-0,222-00,High-Rise Apart or Condo over 3 floors,MULTI-FAMILY 10 OR MORE,Multifamily,unit,91943.25,106691.86617484056,0.0,14748.616174840558,106691.86617484056,2016
859,2,Out,Assessed,0.0,M2016005375-0,310-00,Hotel,"HOTELS, MOTELS",Commercial/Retail,room,-91928.12552,-94365.6709607103,0.0,-2437.545440710295,-94365.6709607103,2016
860,2,Out,Assessed,0.0,M2016006787-0,540-00,Jr./Community College (25 SF/St),COLLEGES,Other,student,25132.631999999998,13587.746489394392,0.0,-11544.885510605605,13587.746489394392,2016
861,2,Out,Assessed,0.0,M2016006787-0,710-01,"General Office Building [50,001 -100,000]","OFFICE, ONE STORY",Office,sq. ft.,-38527.319019,-44769.14162155505,0.0,-6241.822602555047,-44769.14162155505,2016
862,2,Out,Assessed,0.0,M2016006857-0,310-00,Hotel,"HOTELS, MOTELS",Commercial/Retail,room,-32803.5792,-33673.391506795524,0.0,-869.8123067955239,-33673.391506795524,2016
863,2,Out,Assessed,0.0,M2016006857-0,710-00,"General Office Building [1-50,000]","OFFICE, ONE STORY",Office,sq. ft.,33225.880086000005,34020.26928811249,0.0,794.3892021124848,34020.26928811249,2016
864,2,Out,Assessed,0.0,M2016006931-0,820-00,"Shopping Center/General Retail [1-10,000]","STORES, ONE STORY",Commercial/Retail,sq. ft.,-25125.828938,-25031.062094563145,-24326.313824052784,94.76684343685338,-704.7482705103612,2016
865,2,Out,Assessed,0.0,M2016006931-0,932-01,High turnover Rest/Seats,"RESTAURANTS, CAFETERIAS",Commercial/Retail,seats,41651.4,13750.467186228125,40326.033824052785,-27900.932813771877,-26575.56663782466,2016
866,2,Out,Assessed,0.0,M2016007101-0,230-00,"Condominium,Townhouse",CONDOMINIUM,Single-family,unit,0.0,0.0,0.0,0.0,0.0,2016
867,2,Out,Assessed,0.0,M2016008566-0,150-00,Warehousing,"WAREHOUSING, DISTRIBUTION TERMINALS",Industrial/Manufacturing,sq. ft.,1603.2982700000002,607.7959930655011,1552.27,-995.5022769344992,-944.4740069344989,2016
868,2,Out,Assessed,0.0,M2016009347-0,220-00,Apartment (Rentals),MULTI-FAMILY 10 OR MORE,Multifamily,unit,164762.304,196562.38104445237,142331.9320592744,31800.077044452366,54230.448985177965,2016
869,2,Out,Assessed,0.0,M2016009347-0,230-00,"Condominium,Townhouse",CONDOMINIUM,Single-family,unit,-10262.196,-11239.808283767474,-8865.12356522374,-977.6122837674739,-2374.6847185437346,2016
870,2,Out,Assessed,0.0,M2016009347-0,231-00,Duplex,MULTI-FAMILY LESS THAN 10,Multifamily,unit,-33099.57,-29691.507206948892,-28593.46849405066,3408.0627930511073,-1098.038712898233,2016
871,2,Out,Assessed,0.0,M2016009947-0,150-00,Warehousing,"WAREHOUSING, DISTRIBUTION TERMINALS",Industrial/Manufacturing,sq. ft.,-18057.970378,-6845.614595869247,-17483.350171301307,11212.355782130755,10637.73557543206,2016
872,2,Out,Assessed,0.0,M2016009947-0,932-01,High turnover Rest/Seats,"RESTAURANTS, CAFETERIAS",Commercial/Retail,seats,227694.32,75169.22061804708,220448.89017130132,-152525.09938195292,-145279.66955325424,2016
873,2,Out,Assessed,0.0,M2016010127-0,220-00,Apartment (Rentals),MULTI-FAMILY 10 OR MORE,Multifamily,unit,-23537.472,-28080.34014920748,-22788.48000000001,-4542.868149207479,-5291.86014920747,2016
874,2,Out,Assessed,0.0,M2016010127-0,222-00,High-Rise Apart or Condo over 3 floors,MULTI-FAMILY 10 OR MORE,Multifamily,unit,33099.57,38409.0718229426,32046.30000000001,5309.501822942599,6362.771822942588,2016
875,2,Out,Assessed,0.0,M2016010560-0,210-00,Single Family Detached,SINGLE FAMILY RESIDENTIAL,Single-family,unit,0.0,0.0,0.0,0.0,0.0,2016
876,2,Out,Assessed,0.0,M2016011126-0,932-00,High Turnover Rest.,DRIVE-IN RESTAURANTS,Commercial/Retail,sq. ft.,113858.2375,29415.091703872436,110235.25,-84443.14579612756,-80820.15829612757,2016
877,2,Out,Assessed,0.0,M2016011128-0,820-00,"Shopping Center/General Retail [1-10,000]","STORES, ONE STORY",Commercial/Retail,sq. ft.,98555.32113,98183.60098852955,95419.21420648143,-371.72014147044683,2764.3867820481246,2016
878,2,Out,Assessed,0.0,M2016011128-0,932-00,High Turnover Rest.,DRIVE-IN RESTAURANTS,Commercial/Retail,sq. ft.,161906.413725,41828.2604029066,156754.4257935186,-120078.15332209339,-114926.165390612,2016
879,2,Out,Assessed,0.0,M2016012135-0,210-00,Single Family Detached,SINGLE FAMILY RESIDENTIAL,Single-family,unit,-8380.498000000001,-9053.22441968984,-8113.820000000003,-672.7264196898377,-939.4044196898358,2016
880,2,Out,Assessed,0.0,M2016012135-0,230-00,"Condominium,Townhouse",CONDOMINIUM,Single-family,unit,15393.294,16859.71242565121,14903.460000000005,1466.4184256512108,1956.252425651206,2016
881,2,Out,Assessed,0.0,M2016012581-0,231-00,Duplex,MULTI-FAMILY LESS THAN 10,Multifamily,unit,18388.65,16495.281781638274,24839.100000000002,-1893.3682183617275,-8343.818218361728,2016
882,2,Out,Assessed,0.0,M2016012961-0,140-00,Manufacturing,HEAVY INDUSTRIAL,Industrial/Manufacturing,sq. ft.,16218.586951,18026.67791752225,15702.349999999999,1808.0909665222516,2324.3279175222524,2016
883,2,Out,Assessed,0.0,M2016013156-0,150-00,Warehousing,"WAREHOUSING, DISTRIBUTION TERMINALS",Industrial/Manufacturing,sq. ft.,8405.236273,3186.34967871462,8137.7300000000005,-5218.886594285381,-4951.38032128538,2016
884,2,Out,Assessed,0.0,M2016013516-0,231-00,Duplex,MULTI-FAMILY LESS THAN 10,Multifamily,unit,-33099.57,-29691.507206948892,0.0,3408.0627930511073,-29691.507206948892,2016
885,2,Out,Assessed,0.0,M2016013516-0,710-01,"General Office Building [50,001 -100,000]","OFFICE, ONE STORY",Office,sq. ft.,46179.806303749996,53661.410684947936,0.0,7481.60438119794,53661.410684947936,2016
886,2,Out,Assessed,0.0,M2016013885-0,820-01,"Shopping Center/General Retail [10,001 -50,000]","STORES, ONE STORY",Commercial/Retail,sq. ft.,-4687.6435200000005,-3335.7293111036092,-4538.470247435125,1351.9142088963913,1202.740936331516,2016
887,2,Out,Assessed,0.0,M2016013885-0,937-00,Coffee/Donut Shop,DRIVE-IN RESTAURANTS,Commercial/Retail,sq. ft.,19567.76864,30964.523599080454,18945.070247435127,11396.754959080456,12019.453351645327,2016
888,2,Out,Assessed,0.0,M2016014065-0,210-00,Single Family Detached,SINGLE FAMILY RESIDENTIAL,Single-family,unit,0.0,0.0,0.0,0.0,0.0,2016
889,2,Out,Assessed,0.0,M2016014073-0,210-00,Single Family Detached,SINGLE FAMILY RESIDENTIAL,Single-family,unit,0.0,0.0,0.0,0.0,0.0,2016
890,2,Out,Assessed,0.0,M2016014347-0,230-00,"Condominium,Townhouse",CONDOMINIUM,Single-family,unit,10262.196,11239.808283767474,9935.64,977.6122837674739,1304.1682837674743,2016
891,2,Out,Assessed,0.0,M2016016996-0,150-00,Warehousing,"WAREHOUSING, DISTRIBUTION TERMINALS",Industrial/Manufacturing,sq. ft.,-85519.490462,-32419.671750663674,-82798.79777984381,53099.818711336324,50379.12602918013,2016
892,2,Out,Assessed,0.0,M2016016996-0,820-01,"Shopping Center/General Retail [10,001 -50,000]","STORES, ONE STORY",Commercial/Retail,sq. ft.,240167.71497600002,170903.45778388466,232527.08777984383,-69264.25719211536,-61623.62999595917,2016
893,2,Out,Assessed,0.0,M2016017423-0,210-00,Single Family Detached,SINGLE FAMILY RESIDENTIAL,Single-family,unit,0.0,0.0,0.0,0.0,0.0,2016
894,2,Out,Assessed,0.0,M2017001422-0,710-00,"General Office Building [1-50,000]","OFFICE, ONE STORY",Office,sq. ft.,-23010.936270000002,-23561.09895210421,0.0,-550.1626821042082,-23561.09895210421,2016
895,2,Out,Assessed,0.0,M2017001422-0,720-00,Medical Office Building,PROFESSIONAL BUILDING,Office,sq. ft.,53134.70575000001,21584.227956239978,0.0,-31550.47779376003,21584.227956239978,2016
896,2,Out,Assessed,0.0,M2017001460-0,710-00,"General Office Building [1-50,000]","OFFICE, ONE STORY",Office,sq. ft.,106369.24783800001,108912.40340530546,106369.07731473031,2543.1555673054536,2543.326090575152,2016
897,2,Out,Assessed,0.0,M2017001460-0,820-01,"Shopping Center/General Retail [10,001 -50,000]","STORES, ONE STORY",Commercial/Retail,sq. ft.,126294.98515200001,89871.5702291546,126294.7826852697,-36423.414922845404,-36423.2124561151,2016
898,2,Out,Assessed,0.0,M2017001814-0,630-00,Clinic,PROFESSIONAL BUILDING,Office,sq. ft.,34512.825634,17291.14643874714,34512.87540550929,-17221.679195252862,-17221.728966762148,2016
899,2,Out,Assessed,0.0,M2017001814-0,820-00,"Shopping Center/General Retail [1-10,000]","STORES, ONE STORY",Commercial/Retail,sq. ft.,-20321.876099,-20245.228277534316,-20321.90540550929,76.64782146568541,76.6771279749737,2016
900,2,Out,Assessed,0.0,M2017002023-0,220-00,Apartment (Rentals),MULTI-FAMILY 10 OR MORE,Multifamily,unit,-40425.60816,-48227.98420626385,-40423.08000000629,-7802.376046263846,-7804.904206257561,2016
901,2,Out,Assessed,0.0,M2017002023-0,222-00,High-Rise Apart or Condo over 3 floors,MULTI-FAMILY 10 OR MORE,Multifamily,unit,40455.03,46944.42111692985,40452.50000000629,6489.391116929852,6491.921116923564,2016
902,2,Out,Assessed,0.0,M2017002496-0,150-00,Warehousing,"WAREHOUSING, DISTRIBUTION TERMINALS",Industrial/Manufacturing,sq. ft.,2165.550814,820.9408892638138,2165.55,-1344.6099247361863,-1344.6091107361863,2016
903,2,Out,Collected,0.0,C2014046933-0,560-00,Church/Synagogue,"CHURCHES, TEMPLES",Other,sq. ft.,14868.052122000001,8230.016778051024,8839.8,-6638.035343948977,-609.7832219489756,2016
904,2,Out,Collected,0.0,C2015050427-0,210-00,Single Family Detached,SINGLE FAMILY RESIDENTIAL,Single-family,unit,8380.498000000001,9053.22441968984,6132.46,672.7264196898377,2920.764419689839,2016
905,2,Out,Collected,0.0,C2015126529-0,210-00,Single Family Detached,SINGLE FAMILY RESIDENTIAL,Single-family,unit,0.0,0.0,0.0,0.0,0.0,2016
906,2,Out,Collected,0.0,C2015128581-0,220-00,Apartment (Rentals),MULTI-FAMILY 10 OR MORE,Multifamily,unit,-52959.312000000005,-63180.76533571683,-43597.24058242576,-10221.453335716826,-19583.524753291073,2016
907,2,Out,Collected,0.0,C2015128581-0,820-00,"Shopping Center/General Retail [1-10,000]","STORES, ONE STORY",Commercial/Retail,sq. ft.,-66595.002586,-66343.82686561611,-54822.43329235673,251.17572038389335,-11521.393573259382,2016
908,2,Out,Collected,0.0,C2015128581-0,853-00,Convenience market with Gasoline,SERVICE STATIONS,Commercial/Retail,sq. ft.,161337.872115,198568.7660283221,132816.79387478248,37230.8939133221,65751.97215353962,2016
909,2,Out,Collected,0.0,C2015129400-0,310-00,Hotel,"HOTELS, MOTELS",Commercial/Retail,room,968486.6240000001,994166.7968672963,797281.202903609,25680.172867296264,196885.5939636873,2016
910,2,Out,Collected,0.0,C2015129400-0,710-01,"General Office Building [50,001 -100,000]","OFFICE, ONE STORY",Office,sq. ft.,-221395.276865,-257263.59260618594,-182257.85290360884,-35868.31574118594,-75005.73970257709,2016
911,2,Out,Collected,0.0,C2015130995-0,210-00,Single Family Detached,SINGLE FAMILY RESIDENTIAL,Single-family,unit,0.0,0.0,0.0,0.0,0.0,2016
912,2,Out,Collected,0.0,C2015142087-0,210-00,Single Family Detached,SINGLE FAMILY RESIDENTIAL,Single-family,unit,4190.249000000001,4526.61220984492,3449.5099999999998,336.36320984491886,1077.1022098449198,2016
913,2,Out,Collected,0.0,C2015142111-0,210-00,Single Family Detached,SINGLE FAMILY RESIDENTIAL,Single-family,unit,4190.249000000001,4526.61220984492,3449.5099999999998,336.36320984491886,1077.1022098449198,2016
914,2,Out,Collected,0.0,C2015151568-0,210-00,Single Family Detached,SINGLE FAMILY RESIDENTIAL,Single-family,unit,0.0,0.0,0.0,0.0,0.0,2016
915,2,Out,Collected,0.0,C2015151575-0,210-00,Single Family Detached,SINGLE FAMILY RESIDENTIAL,Single-family,unit,0.0,0.0,0.0,0.0,0.0,2016
916,2,Out,Collected,0.0,C2015154250-0,230-00,"Condominium,Townhouse",CONDOMINIUM,Single-family,unit,10262.196,11239.808283767474,8448.07,977.6122837674739,2791.738283767474,2016
917,2,Out,Collected,0.0,C2015154264-0,230-00,"Condominium,Townhouse",CONDOMINIUM,Single-family,unit,10262.196,11239.808283767474,8448.07,977.6122837674739,2791.738283767474,2016
918,2,Out,Collected,0.0,C2015166368-0,210-00,Single Family Detached,SINGLE FAMILY RESIDENTIAL,Single-family,unit,8380.498000000001,9053.22441968984,6899.02,672.7264196898377,2154.2044196898387,2016
919,2,Out,Collected,0.0,C2016026500-0,150-00,Warehousing,"WAREHOUSING, DISTRIBUTION TERMINALS",Industrial/Manufacturing,sq. ft.,-15945.130740000002,-6044.656040624025,-53646.69,9900.474699375976,47602.03395937598,2016
920,2,Out,Collected,0.0,C2016042228-0,210-00,Single Family Detached,SINGLE FAMILY RESIDENTIAL,Single-family,unit,4190.249000000001,4526.61220984492,3651.2200000000003,336.36320984491886,875.3922098449193,2016
921,2,Out,Collected,0.0,C2016043816-0,210-00,Single Family Detached,SINGLE FAMILY RESIDENTIAL,Single-family,unit,0.0,0.0,0.0,0.0,0.0,2016
922,2,Out,Collected,0.0,C2016045358-0,150-00,Warehousing,"WAREHOUSING, DISTRIBUTION TERMINALS",Industrial/Manufacturing,sq. ft.,5710.3774,2164.7528520141136,5528.654962254834,-3545.6245479858867,-3363.90211024072,2016
923,2,Out,Collected,0.0,C2016045358-0,710-00,"General Office Building [1-50,000]","OFFICE, ONE STORY",Office,sq. ft.,3933.0264960000004,4027.060236324043,3807.865037745166,94.03374032404281,219.19519857887735,2016
924,2,Out,Collected,0.0,C2016045419-0,210-00,Single Family Detached,SINGLE FAMILY RESIDENTIAL,Single-family,unit,8380.498000000001,9053.22441968984,8113.819999999998,672.7264196898377,939.4044196898412,2016
925,2,Out,Collected,0.0,C2016045419-0,230-00,"Condominium,Townhouse",CONDOMINIUM,Single-family,unit,-5131.098,-5619.904141883737,-4967.819999999998,-488.8061418837369,-652.084141883739,2016
926,2,Out,Collected,0.0,C2016045432-0,210-00,Single Family Detached,SINGLE FAMILY RESIDENTIAL,Single-family,unit,8380.498000000001,9053.22441968984,8113.819999999998,672.7264196898377,939.4044196898412,2016
927,2,Out,Collected,0.0,C2016045432-0,230-00,"Condominium,Townhouse",CONDOMINIUM,Single-family,unit,-5131.098,-5619.904141883737,-4967.819999999998,-488.8061418837369,-652.084141883739,2016
928,2,Out,Collected,0.0,C2016047561-0,944-00,Service Stations w/ Gasoline,SERVICE STATIONS,Commercial/Retail,fuel station,0.0,0.0,0.0,0.0,0.0,2016
929,2,Out,Collected,0.0,C2016049401-0,210-00,Single Family Detached,SINGLE FAMILY RESIDENTIAL,Single-family,unit,8380.498000000001,9053.22441968984,8113.82,672.7264196898377,939.4044196898394,2016
930,2,Out,Collected,0.0,C2016052175-0,210-00,Single Family Detached,SINGLE FAMILY RESIDENTIAL,Single-family,unit,8380.498000000001,9053.22441968984,8113.82,672.7264196898377,939.4044196898394,2016
931,2,Out,Collected,0.0,C2016053432-0,934-00,Fast Food Rest. w/ Drive-Thru,DRIVE-IN RESTAURANTS,Commercial/Retail,sq. ft.,156715.29783,164424.25107648797,151728.49000000002,7708.953246487974,12695.76107648795,2016
932,2,Out,Collected,0.0,C2016054944-0,210-00,Single Family Detached,SINGLE FAMILY RESIDENTIAL,Single-family,unit,-8380.498000000001,-9053.22441968984,-8113.820000000007,-672.7264196898377,-939.4044196898321,2016
933,2,Out,Collected,0.0,C2016054944-0,230-00,"Condominium,Townhouse",CONDOMINIUM,Single-family,unit,10262.196,11239.808283767474,9935.640000000007,977.6122837674739,1304.168283767467,2016
934,2,Out,Collected,0.0,C2016055698-0,820-00,"Shopping Center/General Retail [1-10,000]","STORES, ONE STORY",Commercial/Retail,sq. ft.,76186.399835,75899.04833535408,73762.01,-287.3514996459271,2137.038335354082,2016
935,2,Out,Collected,0.0,C2016055714-0,210-00,Single Family Detached,SINGLE FAMILY RESIDENTIAL,Single-family,unit,0.0,0.0,0.0,0.0,0.0,2016
936,2,Out,Collected,0.0,C2016057420-0,210-00,Single Family Detached,SINGLE FAMILY RESIDENTIAL,Single-family,unit,0.0,0.0,0.0,0.0,0.0,2016
937,2,Out,Collected,0.0,C2016059626-0,151-00,Mini-Warehouse,"WAREHOUSING, DISTRIBUTION TERMINALS",Industrial/Manufacturing,sq. ft.,229098.911552,156092.04046656334,221810.86000000002,-73006.87108543667,-65718.81953343668,2016
938,2,Out,Collected,0.0,C2016060892-0,150-00,Warehousing,"WAREHOUSING, DISTRIBUTION TERMINALS",Industrial/Manufacturing,sq. ft.,711987.4246240001,269908.0463671259,689327.85,-442079.3782568742,-419419.8036328741,2016
939,2,Out,Collected,0.0,C2016061654-0,210-00,Single Family Detached,SINGLE FAMILY RESIDENTIAL,Single-family,unit,0.0,0.0,0.0,0.0,0.0,2016
940,2,Out,Collected,0.0,C2016063215-0,210-00,Single Family Detached,SINGLE FAMILY RESIDENTIAL,Single-family,unit,-8380.498000000001,-9053.22441968984,-8113.820000000007,-672.7264196898377,-939.4044196898321,2016
941,2,Out,Collected,0.0,C2016063215-0,230-00,"Condominium,Townhouse",CONDOMINIUM,Single-family,unit,10262.196,11239.808283767474,9935.640000000007,977.6122837674739,1304.168283767467,2016
942,2,Out,Collected,0.0,C2016067565-0,710-00,"General Office Building [1-50,000]","OFFICE, ONE STORY",Office,sq. ft.,-21850.147200000003,-22372.55686846691,-21154.824901241318,-522.4096684669057,-1217.7319672255908,2016
943,2,Out,Collected,0.0,C2016067565-0,937-00,Coffee/Donut Shop,DRIVE-IN RESTAURANTS,Commercial/Retail,sq. ft.,82390.6048,130376.94146981243,79768.74490124131,47986.33666981243,50608.19656857112,2016
944,2,Out,Collected,0.0,C2016069800-0,210-00,Single Family Detached,SINGLE FAMILY RESIDENTIAL,Single-family,unit,8380.498000000001,9053.22441968984,8113.82,672.7264196898377,939.4044196898394,2016
945,2,Out,Collected,0.0,C2016073561-0,210-00,Single Family Detached,SINGLE FAMILY RESIDENTIAL,Single-family,unit,0.0,0.0,0.0,0.0,0.0,2016
946,2,Out,Collected,0.0,C2016073669-0,710-00,"General Office Building [1-50,000]","OFFICE, ONE STORY",Office,sq. ft.,-17288.928972,-17702.28562217444,-12651.238245208193,-413.356650174439,-5051.047376966248,2016
947,2,Out,Collected,0.0,C2016073669-0,720-00,Medical Office Building,PROFESSIONAL BUILDING,Office,sq. ft.,39921.98070000001,16216.992636557752,29213.058245208194,-23704.988063442255,-12996.065608650442,2016
948,2,Out,Collected,0.0,C2016081552-0,210-00,Single Family Detached,SINGLE FAMILY RESIDENTIAL,Single-family,unit,8380.498000000001,9053.22441968984,8113.82,672.7264196898377,939.4044196898394,2016
949,2,Out,Collected,0.0,C2016081606-0,210-00,Single Family Detached,SINGLE FAMILY RESIDENTIAL,Single-family,unit,8380.498000000001,9053.22441968984,8113.82,672.7264196898377,939.4044196898394,2016
950,2,Out,Collected,0.0,C2016081627-0,210-00,Single Family Detached,SINGLE FAMILY RESIDENTIAL,Single-family,unit,0.0,0.0,0.0,0.0,0.0,2016
951,2,Out,Collected,0.0,C2016083918-0,210-00,Single Family Detached,SINGLE FAMILY RESIDENTIAL,Single-family,unit,-8380.498000000001,-9053.22441968984,-8113.820000000007,-672.7264196898377,-939.4044196898321,2016
952,2,Out,Collected,0.0,C2016083918-0,230-00,"Condominium,Townhouse",CONDOMINIUM,Single-family,unit,10262.196,11239.808283767474,9935.640000000007,977.6122837674739,1304.168283767467,2016
953,2,Out,Collected,0.0,C2016084255-0,140-00,Manufacturing,HEAVY INDUSTRIAL,Industrial/Manufacturing,sq. ft.,59487.32706,66119.13160651807,57593.840000000004,6631.804546518069,8525.291606518069,2016
954,2,Out,Collected,0.0,C2016084773-0,210-00,Single Family Detached,SINGLE FAMILY RESIDENTIAL,Single-family,unit,8380.498000000001,9053.22441968984,8113.82,672.7264196898377,939.4044196898394,2016
955,2,Out,Collected,0.0,C2016085684-0,210-00,Single Family Detached,SINGLE FAMILY RESIDENTIAL,Single-family,unit,0.0,0.0,0.0,0.0,0.0,2016
956,2,Out,Collected,0.0,C2016086645-0,210-00,Single Family Detached,SINGLE FAMILY RESIDENTIAL,Single-family,unit,0.0,0.0,0.0,0.0,0.0,2016
957,2,Out,Collected,0.0,C2016086916-0,210-00,Single Family Detached,SINGLE FAMILY RESIDENTIAL,Single-family,unit,-8380.498000000001,-9053.22441968984,-8113.814503944386,-672.7264196898377,-939.409915745453,2016
958,2,Out,Collected,0.0,C2016086916-0,820-00,"Shopping Center/General Retail [1-10,000]","STORES, ONE STORY",Commercial/Retail,sq. ft.,111778.572759,111356.97860859858,108221.56450394438,-421.59415040141903,3135.4141046542063,2016
959,2,Out,Collected,0.0,C2016088169-0,934-00,Fast Food Rest. w/ Drive-Thru,DRIVE-IN RESTAURANTS,Commercial/Retail,sq. ft.,1114.61805,1169.4470204586628,1079.15,54.82897045866275,90.2970204586627,2016
960,2,Out,Collected,0.0,C2016089940-0,210-00,Single Family Detached,SINGLE FAMILY RESIDENTIAL,Single-family,unit,-8380.498000000001,-9053.22441968984,-8113.820000000007,-672.7264196898377,-939.4044196898321,2016
961,2,Out,Collected,0.0,C2016089940-0,230-00,"Condominium,Townhouse",CONDOMINIUM,Single-family,unit,10262.196,11239.808283767474,9935.640000000007,977.6122837674739,1304.168283767467,2016
962,2,Out,Collected,0.0,C2016095476-0,710-00,"General Office Building [1-50,000]","OFFICE, ONE STORY",Office,sq. ft.,144142.68981,147588.96109166762,139556.1,3446.2712816676067,8032.861091667612,2016
963,2,Out,Collected,0.0,C2016095989-0,151-00,Mini-Warehouse,"WAREHOUSING, DISTRIBUTION TERMINALS",Industrial/Manufacturing,sq. ft.,182216.946464,124149.93501484401,176420.29,-58067.011449155994,-52270.354985155995,2016
964,2,Out,Collected,0.0,C2016096200-0,210-00,Single Family Detached,SINGLE FAMILY RESIDENTIAL,Single-family,unit,0.0,0.0,0.0,0.0,0.0,2016
965,2,Out,Collected,0.0,C2016100451-0,710-00,"General Office Building [1-50,000]","OFFICE, ONE STORY",Office,sq. ft.,56059.283910000006,57399.59121566041,54275.490000000005,1340.3073056604044,3124.1012156604047,2016
966,2,Out,Collected,0.0,C2016101027-0,210-00,Single Family Detached,SINGLE FAMILY RESIDENTIAL,Single-family,unit,0.0,0.0,0.0,0.0,0.0,2016
967,2,Out,Collected,0.0,C2016107379-0,210-00,Single Family Detached,SINGLE FAMILY RESIDENTIAL,Single-family,unit,0.0,0.0,0.0,0.0,0.0,2016
968,2,Out,Collected,0.0,C2016108292-0,150-00,Warehousing,"WAREHOUSING, DISTRIBUTION TERMINALS",Industrial/Manufacturing,sq. ft.,13863.039288,5255.353846889651,13421.839999999997,-8607.685441110349,-8166.486153110345,2016
969,2,Out,Collected,0.0,C2016109940-0,210-00,Single Family Detached,SINGLE FAMILY RESIDENTIAL,Single-family,unit,0.0,0.0,0.0,0.0,0.0,2016
970,2,Out,Collected,0.0,C2016110195-0,210-00,Single Family Detached,SINGLE FAMILY RESIDENTIAL,Single-family,unit,0.0,0.0,0.0,0.0,0.0,2016
971,2,Out,Collected,0.0,C2016113071-0,630-00,Clinic,PROFESSIONAL BUILDING,Office,sq. ft.,105921.572092,53067.385252304375,102551.17134552178,-52854.18683969563,-49483.78609321741,2016
972,2,Out,Collected,0.0,C2016113071-0,710-00,"General Office Building [1-50,000]","OFFICE, ONE STORY",Office,sq. ft.,-51593.66007600001,-52827.19990566748,-49951.961345521784,-1233.5398296674757,-2875.238560145699,2016
973,2,Out,Collected,0.0,C2016115200-0,210-00,Single Family Detached,SINGLE FAMILY RESIDENTIAL,Single-family,unit,4190.249000000001,4526.61220984492,79.54,336.36320984491886,4447.07220984492,2016
974,2,Out,Collected,0.0,C2016115221-0,210-00,Single Family Detached,SINGLE FAMILY RESIDENTIAL,Single-family,unit,4190.249000000001,4526.61220984492,79.54,336.36320984491886,4447.07220984492,2016
975,2,Out,Collected,0.0,C2016115664-0,210-00,Single Family Detached,SINGLE FAMILY RESIDENTIAL,Single-family,unit,0.0,0.0,0.0,0.0,0.0,2016
976,2,Out,Collected,0.0,C2016120937-0,820-00,"Shopping Center/General Retail [1-10,000]","STORES, ONE STORY",Commercial/Retail,sq. ft.,67767.10104499999,67511.50453231388,65610.63,-255.59651268611196,1900.874532313872,2016
977,2,Out,Collected,0.0,C2016121452-0,210-00,Single Family Detached,SINGLE FAMILY RESIDENTIAL,Single-family,unit,0.0,0.0,0.0,0.0,0.0,2016
978,2,Out,Collected,0.0,C2016123329-0,210-00,Single Family Detached,SINGLE FAMILY RESIDENTIAL,Single-family,unit,0.0,0.0,0.0,0.0,0.0,2016
979,2,Out,Collected,0.0,C2016123335-0,210-00,Single Family Detached,SINGLE FAMILY RESIDENTIAL,Single-family,unit,0.0,0.0,0.0,0.0,0.0,2016
980,2,Out,Collected,0.0,C2016130853-0,130-00,Industrial Park,LIGHT MANUFACTURING,Industrial/Manufacturing,sq. ft.,719966.961434,376638.9654763464,697058.0,-343327.9959576537,-320419.0345236536,2016
981,2,Out,Collected,0.0,C2016130853-0,150-00,Warehousing,"WAREHOUSING, DISTRIBUTION TERMINALS",Industrial/Manufacturing,sq. ft.,-512980.77223400003,-194466.409474434,-496657.99999999994,318514.36275956605,302191.5905255659,2016
982,2,Out,Collected,0.0,C2016146188-0,150-00,Warehousing,"WAREHOUSING, DISTRIBUTION TERMINALS",Industrial/Manufacturing,sq. ft.,741101.5641680001,280944.95552339475,717515.4,-460156.6086446054,-436570.4444766053,2016
983,2,Out,Collected,0.0,C2016147791-0,230-00,"Condominium,Townhouse",CONDOMINIUM,Single-family,unit,10262.196,11239.808283767474,9935.64,977.6122837674739,1304.1682837674743,2016
984,2,Out,Collected,0.0,C2016149069-0,210-00,Single Family Detached,SINGLE FAMILY RESIDENTIAL,Single-family,unit,8380.498000000001,9053.22441968984,8113.82,672.7264196898377,939.4044196898394,2016
985,2,Out,Collected,0.0,C2016150436-0,210-00,Single Family Detached,SINGLE FAMILY RESIDENTIAL,Single-family,unit,4190.249000000001,4526.61220984492,4056.91,336.36320984491886,469.7022098449197,2016
986,2,Out,Collected,0.0,C2016151296-0,210-00,Single Family Detached,SINGLE FAMILY RESIDENTIAL,Single-family,unit,0.0,0.0,0.0,0.0,0.0,2016
987,2,Out,Collected,0.0,C2016151558-0,210-00,Single Family Detached,SINGLE FAMILY RESIDENTIAL,Single-family,unit,0.0,0.0,0.0,0.0,0.0,2016
988,2,Out,Collected,0.0,C2016152992-0,210-00,Single Family Detached,SINGLE FAMILY RESIDENTIAL,Single-family,unit,0.0,0.0,0.0,0.0,0.0,2016
989,2,Out,Collected,0.0,C2016153624-0,210-00,Single Family Detached,SINGLE FAMILY RESIDENTIAL,Single-family,unit,0.0,0.0,0.0,0.0,0.0,2016
990,2,Out,Collected,0.0,C2016154508-0,151-00,Mini-Warehouse,"WAREHOUSING, DISTRIBUTION TERMINALS",Industrial/Manufacturing,sq. ft.,10528.505008,7173.38995034088,10193.570000000002,-3355.11505765912,-3020.1800496591213,2016
991,2,Out,Collected,0.0,C2016154522-0,151-00,Mini-Warehouse,"WAREHOUSING, DISTRIBUTION TERMINALS",Industrial/Manufacturing,sq. ft.,10787.263592000001,7349.690025671578,10444.1,-3437.573566328423,-3094.4099743284223,2016
992,2,Out,Collected,0.0,C2016154524-0,151-00,Mini-Warehouse,"WAREHOUSING, DISTRIBUTION TERMINALS",Industrial/Manufacturing,sq. ft.,967.163232,658.9576586131026,936.4,-308.2055733868974,-277.4423413868974,2016
993,2,Out,Collected,0.0,C2016154526-0,151-00,Mini-Warehouse,"WAREHOUSING, DISTRIBUTION TERMINALS",Industrial/Manufacturing,sq. ft.,9728.898564000001,6628.593815917328,9419.4,-3100.3047480826726,-2790.8061840826713,2016
994,2,Out,Collected,0.0,C2016156218-0,210-00,Single Family Detached,SINGLE FAMILY RESIDENTIAL,Single-family,unit,4190.249000000001,4526.61220984492,4056.91,336.36320984491886,469.7022098449197,2016
995,2,Out,Collected,0.0,C2016162001-0,150-00,Warehousing,"WAREHOUSING, DISTRIBUTION TERMINALS",Industrial/Manufacturing,sq. ft.,-13111.905030000002,-4970.6055871247145,-12694.689950827322,8141.299442875287,7724.084363702607,2016
996,2,Out,Collected,0.0,C2016162001-0,932-00,High Turnover Rest.,DRIVE-IN RESTAURANTS,Commercial/Retail,sq. ft.,135946.735575,35121.61949442369,131620.9699508273,-100825.1160805763,-96499.35045640361,2016
997,2,Out,Collected,0.0,C2016162474-0,210-00,Single Family Detached,SINGLE FAMILY RESIDENTIAL,Single-family,unit,0.0,0.0,0.0,0.0,0.0,2016
998,2,Out,Collected,0.0,C2016163436-0,150-00,Warehousing,"WAREHOUSING, DISTRIBUTION TERMINALS",Industrial/Manufacturing,sq. ft.,-10889.250442,-4128.01716934076,-10542.787324617344,6761.23327265924,6414.770155276584,2016
999,2,Out,Collected,0.0,C2016163436-0,710-00,"General Office Building [1-50,000]","OFFICE, ONE STORY",Office,sq. ft.,33854.071818000004,34663.48029808091,32776.93732461734,809.4084800809069,1886.542973463569,2016
1000,2,Out,Collected,0.0,C2016169587-0,210-00,Single Family Detached,SINGLE FAMILY RESIDENTIAL,Single-family,unit,4190.249000000001,4526.61220984492,4056.91,336.36320984491886,469.7022098449197,2016
1001,2,Out,Collected,0.0,C2016169802-0,820-00,"Shopping Center/General Retail [1-10,000]","STORES, ONE STORY",Commercial/Retail,sq. ft.,-35559.156065999996,-35425.03794460513,-34427.60896483303,134.11812139486574,-997.4289797720994,2016
1002,2,Out,Collected,0.0,C2016169802-0,937-00,Coffee/Donut Shop,DRIVE-IN RESTAURANTS,Commercial/Retail,sq. ft.,110918.35171199999,175519.957453735,107388.75896483302,64601.60574173501,68131.19848890198,2016
1003,2,Out,Collected,0.0,C2016169933-0,853-00,Convenience market with Gasoline,SERVICE STATIONS,Commercial/Retail,sq. ft.,16171.023119999998,19902.705200332974,15656.450000000012,3731.6820803329756,4246.255200332962,2016
1004,2,Out,Collected,0.0,C2016170153-0,210-00,Single Family Detached,SINGLE FAMILY RESIDENTIAL,Single-family,unit,0.0,0.0,0.0,0.0,0.0,2016
1005,2,Out,Collected,0.0,C2016170711-0,210-00,Single Family Detached,SINGLE FAMILY RESIDENTIAL,Single-family,unit,-8380.498000000001,-9053.22441968984,-8113.800148645134,-672.7264196898377,-939.4242710447052,2016
1006,2,Out,Collected,0.0,C2016170711-0,560-00,Church/Synagogue,"CHURCHES, TEMPLES",Other,sq. ft.,47941.347769,26537.309209282917,46415.68014864513,-21404.038559717083,-19878.370939362212,2016
1007,2,Out,Collected,0.0,C2016173645-0,210-00,Single Family Detached,SINGLE FAMILY RESIDENTIAL,Single-family,unit,0.0,0.0,0.0,0.0,0.0,2016
1008,2,Out,Collected,0.0,C2016174243-0,710-00,"General Office Building [1-50,000]","OFFICE, ONE STORY",Office,sq. ft.,-14362.374881400003,-14705.761286604155,-13905.330118968935,-343.38640520415174,-800.431167635219,2016
1009,2,Out,Collected,0.0,C2016174243-0,720-00,Medical Office Building,PROFESSIONAL BUILDING,Office,sq. ft.,33164.255215000005,13471.888748710733,32108.89011896893,-19692.36646628927,-18637.0013702582,2016
1010,2,Out,Collected,0.0,C2016177970-0,210-00,Single Family Detached,SINGLE FAMILY RESIDENTIAL,Single-family,unit,0.0,0.0,0.0,0.0,0.0,2016
1011,2,Out,Collected,0.0,C2016182265-0,210-00,Single Family Detached,SINGLE FAMILY RESIDENTIAL,Single-family,unit,8380.498000000001,9053.22441968984,8113.82,672.7264196898377,939.4044196898394,2016
1012,2,Out,Collected,0.0,C2016183315-0,610-00,Hospital,HOSPITALS,Other,sq. ft.,169542.64404,111044.81600731748,164148.12,-58497.82803268253,-53103.303992682515,2016
1013,2,Out,Collected,0.0,C2016183894-0,820-00,"Shopping Center/General Retail [1-10,000]","STORES, ONE STORY",Commercial/Retail,sq. ft.,-40445.65105,-40293.102583232394,-39158.697394445,152.54846676760644,-1134.4051887873939,2016
1014,2,Out,Collected,0.0,C2016183894-0,932-00,High Turnover Rest.,DRIVE-IN RESTAURANTS,Commercial/Retail,sq. ft.,111581.07275,28826.78986979499,108030.63739444499,-82754.28288020502,-79203.84752465,2016
1015,2,Out,Collected,0.0,C2017000579-0,210-00,Single Family Detached,SINGLE FAMILY RESIDENTIAL,Single-family,unit,0.0,0.0,0.0,0.0,0.0,2016
1016,2,Out,Collected,0.0,C2017000744-0,820-00,"Shopping Center/General Retail [1-10,000]","STORES, ONE STORY",Commercial/Retail,sq. ft.,78382.020892,78086.3881898724,69858.53309135657,-295.6327021275938,8227.855098515836,2016
1017,2,Out,Collected,0.0,C2017000744-0,932-00,High Turnover Rest.,DRIVE-IN RESTAURANTS,Commercial/Retail,sq. ft.,-142582.3936565,-36835.93103892538,-127077.57151632785,105746.46261757462,90241.64047740247,2016
1018,2,Out,Collected,0.0,C2017000744-0,934-00,Fast Food Rest. w/ Drive-Thru,DRIVE-IN RESTAURANTS,Commercial/Retail,sq. ft.,64201.99968,67360.14837841898,57220.48842497129,3158.148698418976,10139.659953447685,2016
1019,2,Out,Collected,0.0,C2017000760-0,210-00,Single Family Detached,SINGLE FAMILY RESIDENTIAL,Single-family,unit,0.0,0.0,0.0,0.0,0.0,2016
1020,2,Out,Collected,0.0,C2017003696-0,150-00,Warehousing,"WAREHOUSING, DISTRIBUTION TERMINALS",Industrial/Manufacturing,sq. ft.,-171864.78934800002,-65152.40006761862,-171864.76390708005,106712.38928038141,106712.36383946144,2016
1021,2,Out,Collected,0.0,C2017003696-0,311-00,All Suites Hotel,"HOTELS, MOTELS",Commercial/Retail,room,682927.8750000001,534658.1158874033,682927.7739070801,-148269.75911259686,-148269.6580196768,2016
1022,2,Out,Collected,0.0,C2017008806-0,210-00,Single Family Detached,SINGLE FAMILY RESIDENTIAL,Single-family,unit,0.0,0.0,0.0,0.0,0.0,2016
1023,2,Out,Collected,0.0,C2017008955-0,210-00,Single Family Detached,SINGLE FAMILY RESIDENTIAL,Single-family,unit,8380.498000000001,9053.22441968984,164.32,672.7264196898377,8888.90441968984,2016
1024,2,Out,Collected,0.0,C2017008975-0,210-00,Single Family Detached,SINGLE FAMILY RESIDENTIAL,Single-family,unit,8380.498000000001,9053.22441968984,164.32,672.7264196898377,8888.90441968984,2016
1025,2,Out,Collected,0.0,C2017011652-0,230-00,"Condominium,Townhouse",CONDOMINIUM,Single-family,unit,10262.196,11239.808283767474,10262.199999999999,977.6122837674739,977.6082837674749,2016
1026,2,Out,Collected,0.0,C2017012969-0,150-00,Warehousing,"WAREHOUSING, DISTRIBUTION TERMINALS",Industrial/Manufacturing,sq. ft.,27040.833288,10250.937351537603,27040.85,-16789.8959364624,-16789.912648462396,2016
1027,2,Out,Collected,0.0,C2017013345-0,210-00,Single Family Detached,SINGLE FAMILY RESIDENTIAL,Single-family,unit,4190.249000000001,4526.61220984492,4190.25,336.36320984491886,336.36220984491956,2016
1028,2,Out,Collected,0.0,C2017013891-0,210-00,Single Family Detached,SINGLE FAMILY RESIDENTIAL,Single-family,unit,0.0,0.0,0.0,0.0,0.0,2016
1029,2,Out,Collected,0.0,C2017017410-0,150-00,Warehousing,"WAREHOUSING, DISTRIBUTION TERMINALS",Industrial/Manufacturing,sq. ft.,-4809.894810000001,-1823.3879791965035,-18571.640000000003,2986.506830803497,16748.2520208035,2016
1030,2,Out,Collected,0.0,C2017017865-0,210-00,Single Family Detached,SINGLE FAMILY RESIDENTIAL,Single-family,unit,0.0,0.0,0.0,0.0,0.0,2016
1031,2,Out,Collected,0.0,C2017028396-0,710-00,"General Office Building [1-50,000]","OFFICE, ONE STORY",Office,sq. ft.,24922.824150000004,25518.697678095064,24922.75,595.8735280950605,595.9476780950645,2016
1032,2,Out,Collected,0.0,C2017030020-0,210-00,Single Family Detached,SINGLE FAMILY RESIDENTIAL,Single-family,unit,-8380.498000000001,-9053.22441968984,-8380.506907378343,-672.7264196898377,-672.7175123114957,2016
1033,2,Out,Collected,0.0,C2017030020-0,230-00,"Condominium,Townhouse",CONDOMINIUM,Single-family,unit,10262.196,11239.808283767474,10262.206907378344,977.6122837674739,977.6013763891297,2016
1034,2,Out,Collected,0.0,C2017033672-0,210-00,Single Family Detached,SINGLE FAMILY RESIDENTIAL,Single-family,unit,0.0,0.0,0.0,0.0,0.0,2016
1035,2,Out,Collected,0.0,C2017036254-0,210-00,Single Family Detached,SINGLE FAMILY RESIDENTIAL,Single-family,unit,8380.498000000001,9053.22441968984,8380.5,672.7264196898377,672.7244196898391,2016
1036,2,Out,Collected,0.0,C2017036840-0,210-00,Single Family Detached,SINGLE FAMILY RESIDENTIAL,Single-family,unit,0.0,0.0,0.0,0.0,0.0,2016
1037,2,Out,Collected,0.0,C2017037198-0,210-00,Single Family Detached,SINGLE FAMILY RESIDENTIAL,Single-family,unit,4190.249000000001,4526.61220984492,4190.25,336.36320984491886,336.36220984491956,2016
1038,2,Out,Collected,0.0,C2017037469-0,210-00,Single Family Detached,SINGLE FAMILY RESIDENTIAL,Single-family,unit,0.0,0.0,0.0,0.0,0.0,2016
1039,2,Out,Collected,0.0,C2017040697-0,210-00,Single Family Detached,SINGLE FAMILY RESIDENTIAL,Single-family,unit,8380.498000000001,9053.22441968984,8380.5,672.7264196898377,672.7244196898391,2016
1040,2,Out,Collected,0.0,M2015006053-0,820-00,"Shopping Center/General Retail [1-10,000]","STORES, ONE STORY",Commercial/Retail,sq. ft.,-36648.71238,-36510.48478970445,-26817.832440504942,138.22759029554436,-9692.65234919951,2016
1041,2,Out,Collected,0.0,M2015006053-0,932-01,High turnover Rest/Seats,"RESTAURANTS, CAFETERIAS",Commercial/Retail,seats,87467.94,28875.981091079062,64004.992440504946,-58591.95890892094,-35129.011349425884,2016
1042,2,Out,Collected,0.0,M2015008637-0,220-00,Apartment (Rentals),MULTI-FAMILY 10 OR MORE,Multifamily,unit,194184.144,231662.80623096172,159856.9600200751,37478.66223096172,71805.84621088664,2016
1043,2,Out,Collected,0.0,M2015008637-0,820-00,"Shopping Center/General Retail [1-10,000]","STORES, ONE STORY",Commercial/Retail,sq. ft.,-100998.56862199999,-100617.63330784316,-83144.40002007507,380.9353141568281,-17473.23328776809,2016
1044,2,Out,Collected,0.0,M2015011057-0,311-00,All Suites Hotel,"HOTELS, MOTELS",Commercial/Retail,room,710244.9900000001,556044.4405228994,584690.0082072808,-154200.54947710072,-28645.567684381385,2016
1045,2,Out,Collected,0.0,M2015011057-0,820-00,"Shopping Center/General Retail [1-10,000]","STORES, ONE STORY",Commercial/Retail,sq. ft.,-157341.83679899998,-156748.39213093385,-129527.41820728073,593.4446680661349,-27220.973923653117,2016
1046,2,Out,Collected,0.0,M2015011551-0,220-00,Apartment (Rentals),MULTI-FAMILY 10 OR MORE,Multifamily,unit,-23537.472,-28080.34014920748,-19707.80666666667,-4542.868149207479,-8372.53348254081,2016
1047,2,Out,Collected,0.0,M2015011551-0,222-00,High-Rise Apart or Condo over 3 floors,MULTI-FAMILY 10 OR MORE,Multifamily,unit,58843.68,68282.79435189796,49269.51666666667,9439.114351897959,19013.27768523129,2016
1048,2,Out,Collected,0.0,M2015013479-0,210-00,Single Family Detached,SINGLE FAMILY RESIDENTIAL,Single-family,unit,8380.498000000001,9053.22441968984,6899.02,672.7264196898377,2154.2044196898387,2016
1049,2,Out,Collected,0.0,M2015014076-0,210-00,Single Family Detached,SINGLE FAMILY RESIDENTIAL,Single-family,unit,8380.498000000001,9053.22441968984,6899.02,672.7264196898377,2154.2044196898387,2016
1050,2,Out,Collected,0.0,M2015016156-0,820-00,"Shopping Center/General Retail [1-10,000]","STORES, ONE STORY",Commercial/Retail,sq. ft.,-47874.44409999999,-47693.8765270914,-39411.393796927456,180.5675729085924,-8282.482730163945,2016
1051,2,Out,Collected,0.0,M2015016156-0,932-00,High Turnover Rest.,DRIVE-IN RESTAURANTS,Commercial/Retail,sq. ft.,132075.5555,34121.50637649203,108727.77379692745,-97954.04912350795,-74606.26742043541,2016
1052,2,Out,Collected,0.0,M2016001505-0,210-00,Single Family Detached,SINGLE FAMILY RESIDENTIAL,Single-family,unit,-25141.494000000006,-27159.673259069517,-21907.364669645645,-2018.1792590695113,-5252.308589423872,2016
1053,2,Out,Collected,0.0,M2016001505-0,710-00,"General Office Building [1-50,000]","OFFICE, ONE STORY",Office,sq. ft.,11198.200440000002,11465.93539508929,9757.696208620948,267.7349550892868,1708.2391864683414,2016
1054,2,Out,Collected,0.0,M2016001505-0,720-00,Medical Office Building,PROFESSIONAL BUILDING,Office,sq. ft.,66221.29500000001,26900.22475258395,57702.7784610247,-39321.070247416064,-30802.553708440755,2016
1055,2,Out,Collected,0.0,M2016002080-0,210-00,Single Family Detached,SINGLE FAMILY RESIDENTIAL,Single-family,unit,8380.498000000001,9053.22441968984,7302.437999999998,672.7264196898377,1750.7864196898408,2016
1056,2,Out,Collected,0.0,M2016002080-0,230-00,"Condominium,Townhouse",CONDOMINIUM,Single-family,unit,-5131.098,-5619.904141883737,-4471.037999999999,-488.8061418837369,-1148.8661418837382,2016
1057,2,Out,Collected,0.0,M2016002156-0,210-00,Single Family Detached,SINGLE FAMILY RESIDENTIAL,Single-family,unit,0.0,0.0,0.0,0.0,0.0,2016
1058,2,Out,Collected,0.0,M2016002244-0,710-00,"General Office Building [1-50,000]","OFFICE, ONE STORY",Office,sq. ft.,-173189.72924400002,-177330.47887868583,-150910.38294257488,-4140.74963468581,-26420.09593611094,2016
1059,2,Out,Collected,0.0,M2016002244-0,710-01,"General Office Building [50,001 -100,000]","OFFICE, ONE STORY",Office,sq. ft.,1061975.45111,1234026.4150202589,925361.5829425749,172050.96391025884,308664.832077684,2016
1060,2,Out,Collected,0.0,M2016002343-0,222-00,High-Rise Apart or Condo over 3 floors,MULTI-FAMILY 10 OR MORE,Multifamily,unit,3677.73,4267.674646993622,3204.63,589.9446469936224,1063.0446469936223,2016
1061,2,Out,Collected,0.0,M2016003246-0,720-00,Medical Office Building,PROFESSIONAL BUILDING,Office,sq. ft.,3847.1419000000005,1562.7749618167818,3352.2627052000385,-2284.3669381832187,-1789.4877433832567,2016
1062,2,Out,Collected,0.0,M2016003246-0,820-00,"Shopping Center/General Retail [1-10,000]","STORES, ONE STORY",Commercial/Retail,sq. ft.,-2014.0283379999998,-2006.4320470017763,-1754.9527052000385,7.596290998223594,-251.47934180173775,2016
1063,2,Out,Collected,0.0,M2016003305-0,210-00,Single Family Detached,SINGLE FAMILY RESIDENTIAL,Single-family,unit,-8380.498000000001,-9053.22441968984,-13405.356426512953,-672.7264196898377,4352.132006823114,2016
1064,2,Out,Collected,0.0,M2016003305-0,231-00,Duplex,MULTI-FAMILY LESS THAN 10,Multifamily,unit,7355.46,6598.112712655309,11765.716426512954,-757.3472873446908,-5167.603713857645,2016
1065,2,Out,Collected,0.0,M2016003629-0,140-00,Manufacturing,HEAVY INDUSTRIAL,Industrial/Manufacturing,sq. ft.,-37976.465961,-42210.18282252289,-33091.28018877142,-4233.7168615228875,-9118.902633751466,2016
1066,2,Out,Collected,0.0,M2016003629-0,820-00,"Shopping Center/General Retail [1-10,000]","STORES, ONE STORY",Commercial/Retail,sq. ft.,139281.61547299998,138756.2883651966,121364.82018877142,-525.3271078033722,17391.468176425187,2016
1067,2,Out,Collected,0.0,M2016003653-0,310-00,Hotel,"HOTELS, MOTELS",Commercial/Retail,room,242121.65599999996,248541.69921682414,210975.33680114552,6420.043216824182,37566.362415678625,2016
1068,2,Out,Collected,0.0,M2016003653-0,311-00,All Suites Hotel,"HOTELS, MOTELS",Commercial/Retail,room,60097.653000000006,47049.91419809149,52366.74319885446,-13047.73880190852,-5316.829000762977,2016
1069,2,Out,Collected,0.0,M2016003822-0,220-00,Apartment (Rentals),MULTI-FAMILY 10 OR MORE,Multifamily,unit,5884.368,7020.08503730187,5127.41,1135.7170373018698,1892.6750373018704,2016
1070,2,Out,Collected,0.0,M2016003859-0,210-00,Single Family Detached,SINGLE FAMILY RESIDENTIAL,Single-family,unit,0.0,0.0,0.0,0.0,0.0,2016
1071,2,Out,Collected,0.0,M2016004083-0,210-00,Single Family Detached,SINGLE FAMILY RESIDENTIAL,Single-family,unit,0.0,0.0,0.0,0.0,0.0,2016
1072,2,Out,Collected,0.0,M2016004238-0,150-00,Warehousing,"WAREHOUSING, DISTRIBUTION TERMINALS",Industrial/Manufacturing,sq. ft.,27005.692504000002,10237.615795525207,23531.58888205314,-16768.076708474793,-13293.973086527933,2016
1073,2,Out,Collected,0.0,M2016004238-0,710-00,"General Office Building [1-50,000]","OFFICE, ONE STORY",Office,sq. ft.,52795.418172000005,54057.69053343317,46003.6370145134,1262.2723614331626,8054.053518919769,2016
1074,2,Out,Collected,0.0,M2016004238-0,944-00,Service Stations w/ Gasoline,SERVICE STATIONS,Commercial/Retail,fuel station,-21206.766,-34170.350481213645,-18478.655896566543,-12963.584481213646,-15691.694584647103,2016
1075,2,Out,Collected,0.0,M2016004354-0,230-00,"Condominium,Townhouse",CONDOMINIUM,Single-family,unit,0.0,0.0,0.0,0.0,0.0,2016
1076,2,Out,Collected,0.0,M2016004416-0,220-00,Apartment (Rentals),MULTI-FAMILY 10 OR MORE,Multifamily,unit,-23537.472,-28080.34014920748,-22788.480000000007,-4542.868149207479,-5291.860149207474,2016
1077,2,Out,Collected,0.0,M2016004416-0,320-00,Motel,"HOTELS, MOTELS",Commercial/Retail,room,31909.108,12850.975341508885,30893.72000000001,-19058.132658491115,-18042.744658491123,2016
1078,2,Out,Collected,0.0,M2016004423-0,210-00,Single Family Detached,SINGLE FAMILY RESIDENTIAL,Single-family,unit,0.0,0.0,0.0,0.0,0.0,2016
1079,2,Out,Collected,0.0,M2016004460-0,222-00,High-Rise Apart or Condo over 3 floors,MULTI-FAMILY 10 OR MORE,Multifamily,unit,0.0,0.0,0.0,0.0,0.0,2016
1080,2,Out,Collected,0.0,M2016004482-0,210-00,Single Family Detached,SINGLE FAMILY RESIDENTIAL,Single-family,unit,-8380.498000000001,-9053.22441968984,-8113.820000000007,-672.7264196898377,-939.4044196898321,2016
1081,2,Out,Collected,0.0,M2016004482-0,230-00,"Condominium,Townhouse",CONDOMINIUM,Single-family,unit,10262.196,11239.808283767474,9935.640000000007,977.6122837674739,1304.168283767467,2016
1082,2,Out,Collected,0.0,M2016004750-0,210-00,Single Family Detached,SINGLE FAMILY RESIDENTIAL,Single-family,unit,0.0,0.0,0.0,0.0,0.0,2016
1083,2,Out,Collected,0.0,M2016004824-0,222-00,High-Rise Apart or Condo over 3 floors,MULTI-FAMILY 10 OR MORE,Multifamily,unit,257441.1,298737.2252895536,207035.39999999997,41296.12528955357,91701.82528955361,2016
1084,2,Out,Collected,0.0,M2016004824-0,231-00,Duplex,MULTI-FAMILY LESS THAN 10,Multifamily,unit,-77232.33,-69280.18348288075,-62110.61999999999,7952.146517119254,-7169.56348288076,2016
1085,2,Out,Collected,0.0,M2016004845-0,210-00,Single Family Detached,SINGLE FAMILY RESIDENTIAL,Single-family,unit,0.0,0.0,0.0,0.0,0.0,2016
1086,2,Out,Collected,0.0,M2016004884-0,220-00,Apartment (Rentals),MULTI-FAMILY 10 OR MORE,Multifamily,unit,82381.152,98281.19052222618,79759.68,15900.038522226183,18521.510522226192,2016
1087,2,Out,Collected,0.0,M2016004887-0,220-00,Apartment (Rentals),MULTI-FAMILY 10 OR MORE,Multifamily,unit,70612.416,84241.02044762245,68365.44,13628.604447622449,15875.580447622444,2016
1088,2,Out,Collected,0.0,M2016004889-0,220-00,Apartment (Rentals),MULTI-FAMILY 10 OR MORE,Multifamily,unit,58843.68000000001,70200.85037301871,56971.200000000004,11357.1703730187,13229.650373018703,2016
1089,2,Out,Collected,0.0,M2016004892-0,220-00,Apartment (Rentals),MULTI-FAMILY 10 OR MORE,Multifamily,unit,152993.568,182522.21096984862,148125.12844000108,29528.642969848617,34397.08252984754,2016
1090,2,Out,Collected,0.0,M2016004892-0,820-00,"Shopping Center/General Retail [1-10,000]","STORES, ONE STORY",Commercial/Retail,sq. ft.,-18671.033199,-18600.611845565647,-18076.89844000108,70.42135343435439,-523.7134055645656,2016
1091,2,Out,Collected,0.0,M2016004894-0,220-00,Apartment (Rentals),MULTI-FAMILY 10 OR MORE,Multifamily,unit,117687.36000000002,140401.70074603742,0.0,22714.3407460374,140401.70074603742,2016
1092,2,Out,Collected,0.0,M2016004894-0,820-00,"Shopping Center/General Retail [1-10,000]","STORES, ONE STORY",Commercial/Retail,sq. ft.,-117687.43475097,-117243.55420354404,0.0,443.88054742595705,-117243.55420354404,2016
1093,2,Out,Collected,0.0,M2016005037-0,230-00,"Condominium,Townhouse",CONDOMINIUM,Single-family,unit,0.0,0.0,0.0,0.0,0.0,2016
1094,2,Out,Collected,0.0,M2016005066-0,210-00,Single Family Detached,SINGLE FAMILY RESIDENTIAL,Single-family,unit,-8380.498000000001,-9053.22441968984,-8113.820000000007,-672.7264196898377,-939.4044196898321,2016
1095,2,Out,Collected,0.0,M2016005066-0,230-00,"Condominium,Townhouse",CONDOMINIUM,Single-family,unit,10262.196,11239.808283767474,9935.640000000007,977.6122837674739,1304.168283767467,2016
1096,2,Out,Collected,0.0,M2016005177-0,710-04,"General Office Building [200,001-300,000]","OFFICE, MULTI-STORY",Office,sq. ft.,-117092.015271,-180514.46766332196,-46687.273448643646,-63422.45239232197,-133827.1942146783,2016
1097,2,Out,Collected,0.0,M2016005177-0,820-01,"Shopping Center/General Retail [10,001 -50,000]","STORES, ONE STORY",Commercial/Retail,sq. ft.,-240722.83065600003,-171298.47836019954,-95981.71655135635,69424.35229580049,-75316.76180884319,2016
1098,2,Out,Collected,0.0,M2016005213-0,210-00,Single Family Detached,SINGLE FAMILY RESIDENTIAL,Single-family,unit,0.0,0.0,0.0,0.0,0.0,2016
1099,2,Out,Collected,0.0,M2016005441-0,230-00,"Condominium,Townhouse",CONDOMINIUM,Single-family,unit,0.0,0.0,0.0,0.0,0.0,2016
1100,2,Out,Collected,0.0,M2016005443-0,230-00,"Condominium,Townhouse",CONDOMINIUM,Single-family,unit,0.0,0.0,0.0,0.0,0.0,2016
1101,2,Out,Collected,0.0,M2016005495-0,820-00,"Shopping Center/General Retail [1-10,000]","STORES, ONE STORY",Commercial/Retail,sq. ft.,-23441.96918,-23353.5533339551,-753.3561306996558,88.41584604489981,-22600.197203255444,2016
1102,2,Out,Collected,0.0,M2016005495-0,932-01,High turnover Rest/Seats,"RESTAURANTS, CAFETERIAS",Commercial/Retail,seats,48593.3,16042.211717266146,1561.6461306996557,-32551.088282733857,14480.56558656649,2016
1103,2,Out,Collected,0.0,M2016005551-0,230-00,"Condominium,Townhouse",CONDOMINIUM,Single-family,unit,10262.196,11239.808283767474,9935.64,977.6122837674739,1304.1682837674743,2016
1104,2,Out,Collected,0.0,M2016005710-0,230-00,"Condominium,Townhouse",CONDOMINIUM,Single-family,unit,0.0,0.0,0.0,0.0,0.0,2016
1105,2,Out,Collected,0.0,M2016005780-0,210-00,Single Family Detached,SINGLE FAMILY RESIDENTIAL,Single-family,unit,0.0,0.0,0.0,0.0,0.0,2016
1106,2,Out,Collected,0.0,M2016005797-0,230-00,"Condominium,Townhouse",CONDOMINIUM,Single-family,unit,0.0,0.0,0.0,0.0,0.0,2016
1107,2,Out,Collected,0.0,M2016005819-0,710-00,"General Office Building [1-50,000]","OFFICE, ONE STORY",Office,sq. ft.,-24574.587429000003,-25162.135053003876,-23792.337731745225,-587.5476240038734,-1369.7973212586512,2016
1108,2,Out,Collected,0.0,M2016005819-0,820-00,"Shopping Center/General Retail [1-10,000]","STORES, ONE STORY",Commercial/Retail,sq. ft.,29706.9179855,29594.8726932762,28761.297731745224,-112.04529222380006,833.574961530976,2016
1109,2,Out,Collected,0.0,M2016005913-0,230-00,"Condominium,Townhouse",CONDOMINIUM,Single-family,unit,5131.098,5619.904141883737,4967.82,488.8061418837369,652.0841418837372,2016
1110,2,Out,Collected,0.0,M2016006183-0,210-00,Single Family Detached,SINGLE FAMILY RESIDENTIAL,Single-family,unit,0.0,0.0,0.0,0.0,0.0,2016
1111,2,Out,Collected,0.0,M2016006687-0,710-00,"General Office Building [1-50,000]","OFFICE, ONE STORY",Office,sq. ft.,-12801.454990800003,-13107.52175531305,-12394.078141110378,-306.066764513047,-713.4436142026716,2016
1112,2,Out,Collected,0.0,M2016006687-0,720-00,Medical Office Building,PROFESSIONAL BUILDING,Office,sq. ft.,29559.924730000002,12007.747944320092,28619.248141110376,-17552.176785679912,-16611.500196790286,2016
1113,2,Out,Collected,0.0,M2016006817-0,210-00,Single Family Detached,SINGLE FAMILY RESIDENTIAL,Single-family,unit,0.0,0.0,0.0,0.0,0.0,2016
1114,2,Out,Collected,0.0,M2016006819-0,210-00,Single Family Detached,SINGLE FAMILY RESIDENTIAL,Single-family,unit,0.0,0.0,0.0,0.0,0.0,2016
1115,2,Out,Collected,0.0,M2016006833-0,210-00,Single Family Detached,SINGLE FAMILY RESIDENTIAL,Single-family,unit,0.0,0.0,0.0,0.0,0.0,2016
1116,2,Out,Collected,0.0,M2016006838-0,820-00,"Shopping Center/General Retail [1-10,000]","STORES, ONE STORY",Commercial/Retail,sq. ft.,-19034.218636999998,-18962.427460598756,-18428.546920065175,71.79117640124241,-533.8805405335806,2016
1117,2,Out,Collected,0.0,M2016006838-0,932-01,High turnover Rest/Seats,"RESTAURANTS, CAFETERIAS",Commercial/Retail,seats,33321.12,11000.3737489825,32260.836920065172,-22320.746251017503,-21260.463171082672,2016
1118,2,Out,Collected,0.0,M2016006904-0,210-00,Single Family Detached,SINGLE FAMILY RESIDENTIAL,Single-family,unit,0.0,0.0,0.0,0.0,0.0,2016
1119,2,Out,Collected,0.0,M2016006957-0,220-00,Apartment (Rentals),MULTI-FAMILY 10 OR MORE,Multifamily,unit,11768.736,14040.17007460374,0.010902790860362837,2271.4340746037396,14040.15917181288,2016
1120,2,Out,Collected,0.0,M2016006957-0,710-03,"General Office Building [150,001-200,000]",PROFESSIONAL BUILDING,Office,sq. ft.,-110337.21759879001,-160923.68543706601,-0.10221859064507464,-50586.467838276,-160923.58321847537,2016
1121,2,Out,Collected,0.0,M2016006957-0,820-01,"Shopping Center/General Retail [10,001 -50,000]","STORES, ONE STORY",Commercial/Retail,sq. ft.,109362.7233216,77822.5648280472,0.10131579978471181,-31540.158493552808,77822.46351224741,2016
1122,2,Out,Collected,0.0,M2016007093-0,820-00,"Shopping Center/General Retail [1-10,000]","STORES, ONE STORY",Commercial/Retail,sq. ft.,-15963.650843,-15903.44089713703,-15455.696378573608,60.20994586296911,-447.7445185634224,2016
1123,2,Out,Collected,0.0,M2016007093-0,932-00,High Turnover Rest.,DRIVE-IN RESTAURANTS,Commercial/Retail,sq. ft.,44040.366265,11377.75747105786,42639.0263785736,-32662.608793942138,-31261.268907515743,2016
1124,2,Out,Collected,0.0,M2016007166-0,150-00,Warehousing,"WAREHOUSING, DISTRIBUTION TERMINALS",Industrial/Manufacturing,sq. ft.,10235.6318596,3880.236227510221,9909.743809637881,-6355.39563208978,-6029.5075821276605,2016
1125,2,Out,Collected,0.0,M2016007166-0,710-00,"General Office Building [1-50,000]","OFFICE, ONE STORY",Office,sq. ft.,-6740.770411200001,-6901.933793922041,-6526.15380963788,-161.1633827220403,-375.7799842841614,2016
1126,2,Out,Collected,0.0,M2016007223-0,151-00,Mini-Warehouse,"WAREHOUSING, DISTRIBUTION TERMINALS",Industrial/Manufacturing,sq. ft.,252798.65268,172239.3932677537,244761.4480068625,-80559.25941224629,-72522.0547391088,2016
1127,2,Out,Collected,0.0,M2016007223-0,820-00,"Shopping Center/General Retail [1-10,000]","STORES, ONE STORY",Commercial/Retail,sq. ft.,-165166.832145,-164543.87401846534,-159915.6980068625,622.9581265346496,-4628.176011602831,2016
1128,2,Out,Collected,0.0,M2016007356-0,210-00,Single Family Detached,SINGLE FAMILY RESIDENTIAL,Single-family,unit,0.0,0.0,0.0,0.0,0.0,2016
1129,2,Out,Collected,0.0,M2016007590-0,820-00,"Shopping Center/General Retail [1-10,000]","STORES, ONE STORY",Commercial/Retail,sq. ft.,-29219.91933,-29109.710845845442,-28290.13925202365,110.20848415455839,-819.5715938217909,2016
1130,2,Out,Collected,0.0,M2016007590-0,932-01,High turnover Rest/Seats,"RESTAURANTS, CAFETERIAS",Commercial/Retail,seats,41651.4,13750.467186228125,40326.04925202365,-27900.932813771877,-26575.582065795526,2016
1131,2,Out,Collected,0.0,M2016007662-0,220-00,Apartment (Rentals),MULTI-FAMILY 10 OR MORE,Multifamily,unit,58843.68000000001,70200.85037301871,110666.66665983546,11357.1703730187,-40465.81628681676,2016
1132,2,Out,Collected,0.0,M2016007662-0,520-00,Elementary School (30 SF/St),PUBLIC COUNTY SCHOOLS,Other,student,13420.022,139273.42287958175,25238.888887330948,125853.40087958175,114034.5339922508,2016
1133,2,Out,Collected,0.0,M2016007662-0,560-00,Church/Synagogue,"CHURCHES, TEMPLES",Other,sq. ft.,-72263.5531184,-40000.54948193256,-135905.2755471664,32263.003636467438,95904.72606523384,2016
1134,2,Out,Collected,0.0,M2016007723-0,820-00,"Shopping Center/General Retail [1-10,000]","STORES, ONE STORY",Commercial/Retail,sq. ft.,-53850.495398,-53647.38801081799,-52136.95105038828,203.10738718201173,-1510.4369604297099,2016
1135,2,Out,Collected,0.0,M2016007723-0,932-01,High turnover Rest/Seats,"RESTAURANTS, CAFETERIAS",Commercial/Retail,seats,94409.84000000001,31167.725622117083,91405.68105038829,-63242.11437788293,-60237.955428271205,2016
1136,2,Out,Collected,0.0,M2016007775-0,210-00,Single Family Detached,SINGLE FAMILY RESIDENTIAL,Single-family,unit,8380.498000000001,9053.22441968984,159.09,672.7264196898377,8894.134419689839,2016
1137,2,Out,Collected,0.0,M2016007908-0,720-00,Medical Office Building,PROFESSIONAL BUILDING,Office,sq. ft.,20055.592200000003,8146.925210782568,19417.41890297847,-11908.666989217436,-11270.493692195902,2016
1138,2,Out,Collected,0.0,M2016007908-0,820-00,"Shopping Center/General Retail [1-10,000]","STORES, ONE STORY",Commercial/Retail,sq. ft.,-10499.360843999999,-10459.760507320736,-10165.268902978467,39.60033667926291,-294.49160434226906,2016
1139,2,Out,Collected,0.0,M2016007961-0,820-04,"Shopping Center/General Retail [200,001-300,000]",COMMUNITY SHOPPING CENTER,Commercial/Retail,sq. ft.,570.4250804000003,696.3616199832068,552.2700000000004,125.93653958320647,144.09161998320633,2016
1140,2,Out,Collected,0.0,M2016008268-0,210-00,Single Family Detached,SINGLE FAMILY RESIDENTIAL,Single-family,unit,8380.498000000001,9053.22441968984,8113.82,672.7264196898377,939.4044196898394,2016
1141,2,Out,Collected,0.0,M2016008290-0,210-00,Single Family Detached,SINGLE FAMILY RESIDENTIAL,Single-family,unit,0.0,0.0,0.0,0.0,0.0,2016
1142,2,Out,Collected,0.0,M2016008420-0,210-00,Single Family Detached,SINGLE FAMILY RESIDENTIAL,Single-family,unit,-8380.498000000001,-9053.22441968984,-8113.820000000007,-672.7264196898377,-939.4044196898321,2016
1143,2,Out,Collected,0.0,M2016008420-0,230-00,"Condominium,Townhouse",CONDOMINIUM,Single-family,unit,10262.196,11239.808283767474,9935.640000000007,977.6122837674739,1304.168283767467,2016
1144,2,Out,Collected,0.0,M2016008433-0,210-00,Single Family Detached,SINGLE FAMILY RESIDENTIAL,Single-family,unit,0.0,0.0,0.0,0.0,0.0,2016
1145,2,Out,Collected,0.0,M2016008494-0,480-00,Amusement Park,TOURIST ATTRACTIONS,Other,acre,17157.201250000002,5628.883333995476,16611.270126770603,-11528.317916004526,-10982.386792775127,2016
1146,2,Out,Collected,0.0,M2016008494-0,820-00,"Shopping Center/General Retail [1-10,000]","STORES, ONE STORY",Commercial/Retail,sq. ft.,-11456.849726,-11413.638037862564,-11092.300126770604,43.211688137436795,-321.33791109195954,2016
1147,2,Out,Collected,0.0,M2016008879-0,720-00,Medical Office Building,PROFESSIONAL BUILDING,Office,sq. ft.,13401.928750000003,5444.0931046896085,12975.50283375314,-7957.835645310394,-7531.409729063532,2016
1148,2,Out,Collected,0.0,M2016008879-0,912-00,Bank (Drive-in),"RESTAURANTS, CAFETERIAS",Commercial/Retail,sq. ft.,-9414.619550000003,-4458.963950200761,-9115.062833753145,4955.655599799242,4656.098883552384,2016
1149,2,Out,Collected,0.0,M2016008943-0,210-00,Single Family Detached,SINGLE FAMILY RESIDENTIAL,Single-family,unit,0.0,0.0,0.0,0.0,0.0,2016
1150,2,Out,Collected,0.0,M2016009067-0,210-00,Single Family Detached,SINGLE FAMILY RESIDENTIAL,Single-family,unit,0.0,0.0,0.0,0.0,0.0,2016
1151,2,Out,Collected,0.0,M2016009075-0,210-00,Single Family Detached,SINGLE FAMILY RESIDENTIAL,Single-family,unit,0.0,0.0,0.0,0.0,0.0,2016
1152,2,Out,Collected,0.0,M2016009084-0,210-00,Single Family Detached,SINGLE FAMILY RESIDENTIAL,Single-family,unit,0.0,0.0,0.0,0.0,0.0,2016
1153,2,Out,Collected,0.0,M2016009174-0,210-00,Single Family Detached,SINGLE FAMILY RESIDENTIAL,Single-family,unit,0.0,0.0,0.0,0.0,0.0,2016
1154,2,Out,Collected,0.0,M2016009271-0,210-00,Single Family Detached,SINGLE FAMILY RESIDENTIAL,Single-family,unit,0.0,0.0,0.0,0.0,0.0,2016
1155,2,Out,Collected,0.0,M2016009272-0,210-00,Single Family Detached,SINGLE FAMILY RESIDENTIAL,Single-family,unit,0.0,0.0,0.0,0.0,0.0,2016
1156,2,Out,Collected,0.0,M2016009457-0,210-00,Single Family Detached,SINGLE FAMILY RESIDENTIAL,Single-family,unit,0.0,0.0,0.0,0.0,0.0,2016
1157,2,Out,Collected,0.0,M2016009703-0,220-00,Apartment (Rentals),MULTI-FAMILY 10 OR MORE,Multifamily,unit,-141224.832,-168482.0408952449,-136730.87999999995,-27257.208895244898,-31751.160895244946,2016
1158,2,Out,Collected,0.0,M2016009703-0,311-00,All Suites Hotel,"HOTELS, MOTELS",Commercial/Retail,room,185756.382,145427.0075213737,179845.37999999995,-40329.37447862633,-34418.37247862626,2016
1159,2,Out,Collected,0.0,M2016009725-0,220-00,Apartment (Rentals),MULTI-FAMILY 10 OR MORE,Multifamily,unit,0.0,0.0,0.0,0.0,0.0,2016
1160,2,Out,Collected,0.0,M2016009791-0,220-00,Apartment (Rentals),MULTI-FAMILY 10 OR MORE,Multifamily,unit,5884.368,7020.08503730187,5697.12,1135.7170373018698,1322.9650373018703,2016
1161,2,Out,Collected,0.0,M2016009894-0,222-00,High-Rise Apart or Condo over 3 floors,MULTI-FAMILY 10 OR MORE,Multifamily,unit,367773.0,426767.46469936223,6981.759999999999,58994.46469936223,419785.7046993622,2016
1162,2,Out,Collected,0.0,M2016009894-1,820-00,"Shopping Center/General Retail [1-10,000]","STORES, ONE STORY",Commercial/Retail,sq. ft.,75327.96152699999,75043.84779073037,72930.89,-284.1137362696172,2112.9577907303756,2016
1163,2,Out,Collected,0.0,M2016009945-0,710-00,"General Office Building [1-50,000]","OFFICE, ONE STORY",Office,sq. ft.,-23010.936270000002,-23561.09895210421,-22278.67393919365,-550.1626821042082,-1282.4250129105603,2016
1164,2,Out,Collected,0.0,M2016009945-0,720-00,Medical Office Building,PROFESSIONAL BUILDING,Office,sq. ft.,53134.70575000001,21584.227956239978,51443.83393919365,-31550.47779376003,-29859.605982953675,2016
1165,2,Out,Collected,0.0,M2016010081-0,222-00,High-Rise Apart or Condo over 3 floors,MULTI-FAMILY 10 OR MORE,Multifamily,unit,3677.73,4267.674646993622,3560.7000000000003,589.9446469936224,706.9746469936222,2016
1166,2,Out,Collected,0.0,M2016010174-0,210-00,Single Family Detached,SINGLE FAMILY RESIDENTIAL,Single-family,unit,8380.498000000001,9053.22441968984,8113.82,672.7264196898377,939.4044196898394,2016
1167,2,Out,Collected,0.0,M2016010274-0,222-00,High-Rise Apart or Condo over 3 floors,MULTI-FAMILY 10 OR MORE,Multifamily,unit,220663.8,256060.47881961736,4189.062547560175,35396.67881961737,251871.4162720572,2016
1168,2,Out,Collected,0.0,M2016010274-0,820-00,"Shopping Center/General Retail [1-10,000]","STORES, ONE STORY",Commercial/Retail,sq. ft.,-27635.110146,-27530.87907115552,-524.6225475601743,104.23107484447974,-27006.256523595344,2016
1169,2,Out,Collected,0.0,M2016010591-0,210-00,Single Family Detached,SINGLE FAMILY RESIDENTIAL,Single-family,unit,8380.498000000001,9053.22441968984,8113.82,672.7264196898377,939.4044196898394,2016
1170,2,Out,Collected,0.0,M2016010772-0,210-00,Single Family Detached,SINGLE FAMILY RESIDENTIAL,Single-family,unit,0.0,0.0,0.0,0.0,0.0,2016
1171,2,Out,Collected,0.0,M2016010876-0,550-00,University (20 SF/St),COLLEGES,Other,student,0.0,0.0,0.0,0.0,0.0,2016
1172,2,Out,Collected,0.0,M2016010903-0,220-00,Apartment (Rentals),MULTI-FAMILY 10 OR MORE,Multifamily,unit,64728.048,77220.93541032057,62668.32000000001,12492.887410320567,14552.615410320563,2016
1173,2,Out,Collected,0.0,M2016011087-0,210-00,Single Family Detached,SINGLE FAMILY RESIDENTIAL,Single-family,unit,0.0,0.0,0.0,0.0,0.0,2016
1174,2,Out,Collected,0.0,M2016011337-0,210-00,Single Family Detached,SINGLE FAMILY RESIDENTIAL,Single-family,unit,0.0,0.0,0.0,0.0,0.0,2016
1175,2,Out,Collected,0.0,M2016011400-0,210-00,Single Family Detached,SINGLE FAMILY RESIDENTIAL,Single-family,unit,0.0,0.0,0.0,0.0,0.0,2016
1176,2,Out,Collected,0.0,M2016011457-0,210-00,Single Family Detached,SINGLE FAMILY RESIDENTIAL,Single-family,unit,0.0,0.0,0.0,0.0,0.0,2016
1177,2,Out,Collected,0.0,M2016011533-0,210-00,Single Family Detached,SINGLE FAMILY RESIDENTIAL,Single-family,unit,0.0,0.0,0.0,0.0,0.0,2016
1178,2,Out,Collected,0.0,M2016011634-0,210-00,Single Family Detached,SINGLE FAMILY RESIDENTIAL,Single-family,unit,0.0,0.0,0.0,0.0,0.0,2016
1179,2,Out,Collected,0.0,M2016011646-0,210-00,Single Family Detached,SINGLE FAMILY RESIDENTIAL,Single-family,unit,0.0,0.0,0.0,0.0,0.0,2016
1180,2,Out,Collected,0.0,M2016011678-0,710-01,"General Office Building [50,001 -100,000]","OFFICE, ONE STORY",Office,sq. ft.,742719.15389,863047.3085642178,719085.53,120328.1546742178,143961.77856421773,2016
1181,2,Out,Collected,0.0,M2016011926-0,210-00,Single Family Detached,SINGLE FAMILY RESIDENTIAL,Single-family,unit,0.0,0.0,0.0,0.0,0.0,2016
1182,2,Out,Collected,0.0,M2016011988-0,210-00,Single Family Detached,SINGLE FAMILY RESIDENTIAL,Single-family,unit,0.0,0.0,0.0,0.0,0.0,2016
1183,2,Out,Collected,0.0,M2016011996-0,210-00,Single Family Detached,SINGLE FAMILY RESIDENTIAL,Single-family,unit,-53635.187200000015,-57940.636286014975,-51926.65029703616,-4305.44908601496,-6013.985988978813,2016
1184,2,Out,Collected,0.0,M2016011996-0,220-00,Apartment (Rentals),MULTI-FAMILY 10 OR MORE,Multifamily,unit,-141224.832,-168482.0408952449,-136726.14653467044,-27257.208895244898,-31755.894360574457,2016
1185,2,Out,Collected,0.0,M2016011996-0,222-00,High-Rise Apart or Condo over 3 floors,MULTI-FAMILY 10 OR MORE,Multifamily,unit,194919.69,226186.756290662,188710.5668317066,31267.066290661984,37476.1894589554,2016
1186,2,Out,Collected,0.0,M2016011999-0,210-00,Single Family Detached,SINGLE FAMILY RESIDENTIAL,Single-family,unit,0.0,0.0,0.0,0.0,0.0,2016
1187,2,Out,Collected,0.0,M2016012081-0,710-00,"General Office Building [1-50,000]","OFFICE, ONE STORY",Office,sq. ft.,-20525.482025999998,-21016.2206083161,-19872.307718109703,-490.7385823161021,-1143.9128902063967,2016
1188,2,Out,Collected,0.0,M2016012081-0,720-00,Medical Office Building,PROFESSIONAL BUILDING,Office,sq. ft.,47395.52685000001,19252.87514434937,45887.277718109704,-28142.651705650638,-26634.402573760333,2016
1189,2,Out,Collected,0.0,M2016012275-0,230-00,"Condominium,Townhouse",CONDOMINIUM,Single-family,unit,5131.098,5619.904141883737,4967.82,488.8061418837369,652.0841418837372,2016
1190,2,Out,Collected,0.0,M2016012311-0,210-00,Single Family Detached,SINGLE FAMILY RESIDENTIAL,Single-family,unit,0.0,0.0,0.0,0.0,0.0,2016
1191,2,Out,Collected,0.0,M2016012406-0,820-00,"Shopping Center/General Retail [1-10,000]","STORES, ONE STORY",Commercial/Retail,sq. ft.,-117094.28689700001,-116652.6435195377,-113368.28341575303,441.6433774623147,-3284.3601037846674,2016
1192,2,Out,Collected,0.0,M2016012406-0,911-00,Bank (Walk-in),"RESTAURANTS, CAFETERIAS",Commercial/Retail,sq. ft.,66459.455342,6012.696469071275,64344.67956148825,-60446.75887292872,-58331.98309241697,2016
1193,2,Out,Collected,0.0,M2016012406-0,932-00,High Turnover Rest.,DRIVE-IN RESTAURANTS,Commercial/Retail,sq. ft.,107800.979265,27850.208825226426,104370.69385426478,-79950.77043977358,-76520.48502903836,2016
1194,2,Out,Collected,0.0,M2016012415-0,710-00,"General Office Building [1-50,000]","OFFICE, ONE STORY",Office,sq. ft.,-40422.772320000004,-41389.23020666378,-39136.05318487832,-966.4578866637748,-2253.1770217854573,2016
1195,2,Out,Collected,0.0,M2016012415-0,820-00,"Shopping Center/General Retail [1-10,000]","STORES, ONE STORY",Commercial/Retail,sq. ft.,48864.94984,48680.64638627261,47309.50318487832,-184.30345372739248,1371.1432013942904,2016
1196,2,Out,Collected,0.0,M2016012569-0,820-01,"Shopping Center/General Retail [10,001 -50,000]","STORES, ONE STORY",Commercial/Retail,sq. ft.,423602.60745600006,301435.81266838644,410124.41,-122166.79478761362,-108688.59733161354,2016
1197,2,Out,Collected,0.0,M2016012619-0,210-00,Single Family Detached,SINGLE FAMILY RESIDENTIAL,Single-family,unit,-8380.498000000001,-9053.22441968984,-8113.820000000007,-672.7264196898377,-939.4044196898321,2016
1198,2,Out,Collected,0.0,M2016012619-0,230-00,"Condominium,Townhouse",CONDOMINIUM,Single-family,unit,10262.196,11239.808283767474,9935.640000000007,977.6122837674739,1304.168283767467,2016
1199,2,Out,Collected,0.0,M2016012622-0,210-00,Single Family Detached,SINGLE FAMILY RESIDENTIAL,Single-family,unit,-8380.498000000001,-9053.22441968984,-8113.820000000007,-672.7264196898377,-939.4044196898321,2016
1200,2,Out,Collected,0.0,M2016012622-0,230-00,"Condominium,Townhouse",CONDOMINIUM,Single-family,unit,10262.196,11239.808283767474,9935.640000000007,977.6122837674739,1304.168283767467,2016
1201,2,Out,Collected,0.0,M2016012731-0,220-00,Apartment (Rentals),MULTI-FAMILY 10 OR MORE,Multifamily,unit,0.0,0.0,0.0,0.0,0.0,2016
1202,2,Out,Collected,0.0,M2016012731-0,231-00,Duplex,MULTI-FAMILY LESS THAN 10,Multifamily,unit,0.0,0.0,0.0,0.0,0.0,2016
1203,2,Out,Collected,0.0,M2016012761-0,210-00,Single Family Detached,SINGLE FAMILY RESIDENTIAL,Single-family,unit,-8380.498000000001,-9053.22441968984,-8113.820000000007,-672.7264196898377,-939.4044196898321,2016
1204,2,Out,Collected,0.0,M2016012761-0,230-00,"Condominium,Townhouse",CONDOMINIUM,Single-family,unit,10262.196,11239.808283767474,9935.640000000007,977.6122837674739,1304.168283767467,2016
1205,2,Out,Collected,0.0,M2016012811-0,210-00,Single Family Detached,SINGLE FAMILY RESIDENTIAL,Single-family,unit,0.0,0.0,0.0,0.0,0.0,2016
1206,2,Out,Collected,0.0,M2016012983-0,710-00,"General Office Building [1-50,000]","OFFICE, ONE STORY",Office,sq. ft.,-16578.799188,-16975.177523949267,-16051.027270844128,-396.37833594926633,-924.1502531051392,2016
1207,2,Out,Collected,0.0,M2016012983-0,820-00,"Shopping Center/General Retail [1-10,000]","STORES, ONE STORY",Commercial/Retail,sq. ft.,20041.232806,19965.643484099644,19403.237270844125,-75.58932190035557,562.4062132555191,2016
1208,2,Out,Collected,0.0,M2016013011-0,210-00,Single Family Detached,SINGLE FAMILY RESIDENTIAL,Single-family,unit,0.0,0.0,0.0,0.0,0.0,2016
1209,2,Out,Collected,0.0,M2016013053-0,210-00,Single Family Detached,SINGLE FAMILY RESIDENTIAL,Single-family,unit,8380.498000000001,9053.22441968984,8113.82,672.7264196898377,939.4044196898394,2016
1210,2,Out,Collected,0.0,M2016013060-0,710-00,"General Office Building [1-50,000]","OFFICE, ONE STORY",Office,sq. ft.,-33649.226688,-34453.73757743904,-32578.42927107309,-804.510889439036,-1875.308306365947,2016
1211,2,Out,Collected,0.0,M2016013060-0,932-01,High turnover Rest/Seats,"RESTAURANTS, CAFETERIAS",Commercial/Retail,seats,83302.8,27500.93437245625,80651.90927107309,-55801.86562754375,-53150.97489861684,2016
1212,2,Out,Collected,0.0,M2016013118-0,710-00,"General Office Building [1-50,000]","OFFICE, ONE STORY",Office,sq. ft.,-3468.7108680000006,-3551.6434028691215,-3358.2946763335094,-82.9325348691209,-193.34872653561206,2016
1213,2,Out,Collected,0.0,M2016013118-0,820-00,"Shopping Center/General Retail [1-10,000]","STORES, ONE STORY",Commercial/Retail,sq. ft.,4193.140966,4177.325737200419,4059.6646763335093,-15.815228799580836,117.66106086690979,2016
1214,2,Out,Collected,0.0,M2016013137-0,710-00,"General Office Building [1-50,000]","OFFICE, ONE STORY",Office,sq. ft.,901.3185720000001,922.8679708242599,872.64,21.54939882425981,50.227970824259955,2016
1215,2,Out,Collected,0.0,M2016013173-0,820-01,"Shopping Center/General Retail [10,001 -50,000]","STORES, ONE STORY",Commercial/Retail,sq. ft.,25893.062496000002,18425.515326332832,25069.2,-7467.54716966717,-6643.684673667169,2016
1216,2,Out,Collected,0.0,M2016013319-0,210-00,Single Family Detached,SINGLE FAMILY RESIDENTIAL,Single-family,unit,0.0,0.0,0.0,0.0,0.0,2016
1217,2,Out,Collected,0.0,M2016013488-0,820-00,"Shopping Center/General Retail [1-10,000]","STORES, ONE STORY",Commercial/Retail,sq. ft.,4193.140966,4177.325737200419,4059.71,-15.815228799580836,117.61573720041906,2016
1218,2,Out,Collected,0.0,M2016013670-0,710-00,"General Office Building [1-50,000]","OFFICE, ONE STORY",Office,sq. ft.,-21795.521832000002,-22316.62547629574,-12546.549073019169,-521.1036442957375,-9770.076403276571,2016
1219,2,Out,Collected,0.0,M2016013670-0,820-00,"Shopping Center/General Retail [1-10,000]","STORES, ONE STORY",Commercial/Retail,sq. ft.,26347.452684,26248.07825421996,15166.859073019168,-99.37442978004037,11081.219181200791,2016
1220,2,Out,Collected,0.0,M2016013846-0,820-00,"Shopping Center/General Retail [1-10,000]","STORES, ONE STORY",Commercial/Retail,sq. ft.,-11754.001447999999,-11709.668995616925,-11379.998161356347,44.33245238307427,-329.670834260578,2016
1221,2,Out,Collected,0.0,M2016013846-0,932-01,High turnover Rest/Seats,"RESTAURANTS, CAFETERIAS",Commercial/Retail,seats,13883.800000000001,4583.489062076042,13442.028161356347,-9300.31093792396,-8858.539099280306,2016
1222,2,Out,Collected,0.0,M2016013862-0,560-00,Church/Synagogue,"CHURCHES, TEMPLES",Other,sq. ft.,-15276.687804000001,-8456.211742352638,-14790.712021943567,6820.476061647363,6334.5002795909295,2016
1223,2,Out,Collected,0.0,M2016013862-0,565-00,Day Care Center,PRIVATE SCHOOLS & COLLEGES,Other,sq. ft.,20772.333036000004,132890.10072964264,20111.532021943567,112117.76769364264,112778.56870769907,2016
1224,2,Out,Collected,0.0,M2016014046-0,210-00,Single Family Detached,SINGLE FAMILY RESIDENTIAL,Single-family,unit,4190.249000000001,4526.61220984492,4056.91,336.36320984491886,469.7022098449197,2016
1225,2,Out,Collected,0.0,M2016014072-0,210-00,Single Family Detached,SINGLE FAMILY RESIDENTIAL,Single-family,unit,0.0,0.0,0.0,0.0,0.0,2016
1226,2,Out,Collected,0.0,M2016014175-0,210-00,Single Family Detached,SINGLE FAMILY RESIDENTIAL,Single-family,unit,-8380.498000000001,-9053.22441968984,-8113.820000000007,-672.7264196898377,-939.4044196898321,2016
1227,2,Out,Collected,0.0,M2016014175-0,230-00,"Condominium,Townhouse",CONDOMINIUM,Single-family,unit,10262.196,11239.808283767474,9935.640000000007,977.6122837674739,1304.168283767467,2016
1228,2,Out,Collected,0.0,M2016014326-0,820-00,"Shopping Center/General Retail [1-10,000]","STORES, ONE STORY",Commercial/Retail,sq. ft.,-58935.09153,-58712.80662128149,-57060.37939618394,222.28490871850954,-1652.4272250975482,2016
1229,2,Out,Collected,0.0,M2016014326-0,932-00,High Turnover Rest.,DRIVE-IN RESTAURANTS,Commercial/Retail,sq. ft.,68314.9425,17649.055022323464,66141.85939618394,-50665.887477676544,-48492.804373860476,2016
1230,2,Out,Collected,0.0,M2016014340-0,210-00,Single Family Detached,SINGLE FAMILY RESIDENTIAL,Single-family,unit,0.0,0.0,0.0,0.0,0.0,2016
1231,2,Out,Collected,0.0,M2016014350-0,210-00,Single Family Detached,SINGLE FAMILY RESIDENTIAL,Single-family,unit,-8380.498000000001,-9053.22441968984,-8113.820000000007,-672.7264196898377,-939.4044196898321,2016
1232,2,Out,Collected,0.0,M2016014350-0,230-00,"Condominium,Townhouse",CONDOMINIUM,Single-family,unit,10262.196,11239.808283767474,9935.640000000007,977.6122837674739,1304.168283767467,2016
1233,2,Out,Collected,0.0,M2016014536-0,210-00,Single Family Detached,SINGLE FAMILY RESIDENTIAL,Single-family,unit,0.0,0.0,0.0,0.0,0.0,2016
1234,2,Out,Collected,0.0,M2016014597-0,210-00,Single Family Detached,SINGLE FAMILY RESIDENTIAL,Single-family,unit,0.0,0.0,0.0,0.0,0.0,2016
1235,2,Out,Collected,0.0,M2016014666-0,210-00,Single Family Detached,SINGLE FAMILY RESIDENTIAL,Single-family,unit,-8380.498000000001,-9053.22441968984,-8113.820000000007,-672.7264196898377,-939.4044196898321,2016
1236,2,Out,Collected,0.0,M2016014666-0,230-00,"Condominium,Townhouse",CONDOMINIUM,Single-family,unit,10262.196,11239.808283767474,9935.640000000007,977.6122837674739,1304.168283767467,2016
1237,2,Out,Collected,0.0,M2016014785-0,210-00,Single Family Detached,SINGLE FAMILY RESIDENTIAL,Single-family,unit,0.0,0.0,0.0,0.0,0.0,2016
1238,2,Out,Collected,0.0,M2016014816-0,820-00,"Shopping Center/General Retail [1-10,000]","STORES, ONE STORY",Commercial/Retail,sq. ft.,-33924.821595,-33796.86767695615,-32845.28040950733,127.95391804385144,-951.5872674488201,2016
1239,2,Out,Collected,0.0,M2016014816-0,937-00,Coffee/Donut Shop,DRIVE-IN RESTAURANTS,Commercial/Retail,sq. ft.,105820.43303999999,167452.88420029034,102453.06040950732,61632.45116029035,64999.82379078302,2016
1240,2,Out,Collected,0.0,M2016014824-0,210-00,Single Family Detached,SINGLE FAMILY RESIDENTIAL,Single-family,unit,0.0,0.0,0.0,0.0,0.0,2016
1241,2,Out,Collected,0.0,M2016014840-0,710-00,"General Office Building [1-50,000]","OFFICE, ONE STORY",Office,sq. ft.,121172.72256600003,124069.81068369179,22040.53,2897.088117691761,102029.28068369179,2016
1242,2,Out,Collected,0.0,M2016014890-0,710-00,"General Office Building [1-50,000]","OFFICE, ONE STORY",Office,sq. ft.,-16824.613344,-17226.86878871952,-16289.04832729157,-402.255444719518,-937.8204614279493,2016
1243,2,Out,Collected,0.0,M2016014890-0,820-00,"Shopping Center/General Retail [1-10,000]","STORES, ONE STORY",Commercial/Retail,sq. ft.,20338.384528,20261.674441854004,19690.96832729157,-76.71008614599486,570.706114562432,2016
1244,2,Out,Collected,0.0,M2016014928-0,210-00,Single Family Detached,SINGLE FAMILY RESIDENTIAL,Single-family,unit,8380.498000000001,9053.22441968984,8113.82,672.7264196898377,939.4044196898394,2016
1245,2,Out,Collected,0.0,M2016015015-0,210-00,Single Family Detached,SINGLE FAMILY RESIDENTIAL,Single-family,unit,0.0,0.0,0.0,0.0,0.0,2016
1246,2,Out,Collected,0.0,M2016015138-0,210-00,Single Family Detached,SINGLE FAMILY RESIDENTIAL,Single-family,unit,0.0,0.0,0.0,0.0,0.0,2016
1247,2,Out,Collected,0.0,M2016015205-0,210-00,Single Family Detached,SINGLE FAMILY RESIDENTIAL,Single-family,unit,1508.4896400000007,1629.5803955441716,1460.4899999999998,121.09075554417086,169.09039554417177,2016
1248,2,Out,Collected,0.0,M2016015618-0,210-00,Single Family Detached,SINGLE FAMILY RESIDENTIAL,Single-family,unit,0.0,0.0,0.0,0.0,0.0,2016
1249,2,Out,Collected,0.0,M2016015917-0,210-00,Single Family Detached,SINGLE FAMILY RESIDENTIAL,Single-family,unit,0.0,0.0,0.0,0.0,0.0,2016
1250,2,Out,Collected,0.0,M2016015985-0,210-00,Single Family Detached,SINGLE FAMILY RESIDENTIAL,Single-family,unit,8380.498000000001,9053.22441968984,8113.82,672.7264196898377,939.4044196898394,2016
1251,2,Out,Collected,0.0,M2016016005-0,210-00,Single Family Detached,SINGLE FAMILY RESIDENTIAL,Single-family,unit,-41902.490000000005,-45266.122098449196,-40569.0875763087,-3363.6320984491904,-4697.034522140493,2016
1252,2,Out,Collected,0.0,M2016016005-0,310-00,Hotel,"HOTELS, MOTELS",Commercial/Retail,room,1171556.4000000001,1202621.125242697,1134275.6526446268,31064.725242696935,68345.47259807028,2016
1253,2,Out,Collected,0.0,M2016016005-0,710-00,"General Office Building [1-50,000]","OFFICE, ONE STORY",Office,sq. ft.,-20006.541030000004,-20484.872382690013,-19369.90176825013,-478.3313526900092,-1114.9706144398842,2016
1254,2,Out,Collected,0.0,M2016016005-0,820-00,"Shopping Center/General Retail [1-10,000]","STORES, ONE STORY",Commercial/Retail,sq. ft.,41667.274796,41510.11874288921,40341.35728604778,-157.1560531107898,1168.7614568414283,2016
1255,2,Out,Collected,0.0,M2016016005-0,932-00,High Turnover Rest.,DRIVE-IN RESTAURANTS,Commercial/Retail,sq. ft.,-200390.49800000002,-51770.561398815495,-194013.76058611585,148619.93660118454,142243.19918730034,2016
1256,2,Out,Collected,0.0,M2016016063-0,210-00,Single Family Detached,SINGLE FAMILY RESIDENTIAL,Single-family,unit,8380.498000000001,9053.22441968984,8113.82,672.7264196898377,939.4044196898394,2016
1257,2,Out,Collected,0.0,M2016016104-0,220-00,Apartment (Rentals),MULTI-FAMILY 10 OR MORE,Multifamily,unit,11768.735999999997,14040.170074603742,11394.240000000002,2271.434074603745,2645.9300746037406,2016
1258,2,Out,Collected,0.0,M2016016150-0,710-00,"General Office Building [1-50,000]","OFFICE, ONE STORY",Office,sq. ft.,-15021.976200000003,-15381.132847070998,-14543.941194646404,-359.15664707099495,-837.1916524245935,2016
1259,2,Out,Collected,0.0,M2016016150-0,720-00,Medical Office Building,PROFESSIONAL BUILDING,Office,sq. ft.,34687.345,14090.593918020164,33583.51119464641,-20596.751081979837,-19492.917276626245,2016
1260,2,Out,Collected,0.0,M2016016579-0,820-00,"Shopping Center/General Retail [1-10,000]","STORES, ONE STORY",Commercial/Retail,sq. ft.,-20800.62054,-20722.16704280523,-20138.84515851948,78.45349719476872,-583.3218842857495,2016
1261,2,Out,Collected,0.0,M2016016579-0,932-01,High turnover Rest/Seats,"RESTAURANTS, CAFETERIAS",Commercial/Retail,seats,22214.08,7333.582499321667,21507.335158519483,-14880.497500678335,-14173.752659197817,2016
1262,2,Out,Collected,0.0,M2016016605-0,210-00,Single Family Detached,SINGLE FAMILY RESIDENTIAL,Single-family,unit,0.0,0.0,0.0,0.0,0.0,2016
1263,2,Out,Collected,0.0,M2016016698-0,210-00,Single Family Detached,SINGLE FAMILY RESIDENTIAL,Single-family,unit,-16760.996000000003,-18106.44883937968,-16088.461861676531,-1345.4528393796754,-2017.9869777031472,2016
1264,2,Out,Collected,0.0,M2016016698-0,222-00,High-Rise Apart or Condo over 3 floors,MULTI-FAMILY 10 OR MORE,Multifamily,unit,698768.7,810858.1829287882,670730.6403559364,112089.48292878829,140127.54257285187,2016
1265,2,Out,Collected,0.0,M2016016698-0,231-00,Duplex,MULTI-FAMILY LESS THAN 10,Multifamily,unit,-14710.92,-13196.225425310618,-14120.645060124976,1514.6945746893816,924.4196348143578,2016
1266,2,Out,Collected,0.0,M2016016698-0,820-00,"Shopping Center/General Retail [1-10,000]","STORES, ONE STORY",Commercial/Retail,sq. ft.,10532.377701999998,10492.652835960107,10109.766565865124,-39.72486603989091,382.88627009498305,2016
1267,2,Out,Collected,0.0,M2016016699-0,220-00,Apartment (Rentals),MULTI-FAMILY 10 OR MORE,Multifamily,unit,-47074.944,-56160.68029841496,-45576.96000000001,-9085.736298414959,-10583.720298414955,2016
1268,2,Out,Collected,0.0,M2016016699-0,310-00,Hotel,"HOTELS, MOTELS",Commercial/Retail,room,62483.008,64139.79334627718,60494.72000000001,1656.7853462771818,3645.073346277175,2016
1269,2,Out,Collected,0.0,M2016016736-0,210-00,Single Family Detached,SINGLE FAMILY RESIDENTIAL,Single-family,unit,0.0,0.0,0.0,0.0,0.0,2016
1270,2,Out,Collected,0.0,M2016016801-0,820-01,"Shopping Center/General Retail [10,001 -50,000]","STORES, ONE STORY",Commercial/Retail,sq. ft.,391196.187648,278375.3892466254,378749.478998608,-112820.7984013746,-100374.0897519826,2016
1271,2,Out,Collected,0.0,M2016016801-0,853-00,Convenience market with Gasoline,SERVICE STATIONS,Commercial/Retail,sq. ft.,-115005.76311,-141544.89685236808,-111346.61899860804,-26539.13374236808,-30198.27785376004,2016
1272,2,Out,Collected,0.0,M2016017068-0,210-00,Single Family Detached,SINGLE FAMILY RESIDENTIAL,Single-family,unit,0.0,0.0,0.0,0.0,0.0,2016
1273,2,Out,Collected,0.0,M2016017193-0,210-00,Single Family Detached,SINGLE FAMILY RESIDENTIAL,Single-family,unit,0.0,0.0,0.0,0.0,0.0,2016
1274,2,Out,Collected,0.0,M2016017251-0,220-00,Apartment (Rentals),MULTI-FAMILY 10 OR MORE,Multifamily,unit,0.0,0.0,0.0,0.0,0.0,2016
1275,2,Out,Collected,0.0,M2016017271-0,210-00,Single Family Detached,SINGLE FAMILY RESIDENTIAL,Single-family,unit,-8380.498000000001,-9053.22441968984,-8113.823404577042,-672.7264196898377,-939.4010151127968,2016
1276,2,Out,Collected,0.0,M2016017271-0,310-00,Hotel,"HOTELS, MOTELS",Commercial/Retail,room,85914.13599999994,88192.21585113113,83180.274902615,2278.0798511311878,5011.94094851613,2016
1277,2,Out,Collected,0.0,M2016017271-0,932-00,High Turnover Rest.,DRIVE-IN RESTAURANTS,Commercial/Retail,sq. ft.,45543.295,11766.036681548976,44094.068501962116,-33777.25831845102,-32328.03182041314,2016
1278,2,Out,Collected,0.0,M2016017353-0,210-00,Single Family Detached,SINGLE FAMILY RESIDENTIAL,Single-family,unit,-8380.498000000001,-9053.22441968984,-8113.820000000007,-672.7264196898377,-939.4044196898321,2016
1279,2,Out,Collected,0.0,M2016017353-0,230-00,"Condominium,Townhouse",CONDOMINIUM,Single-family,unit,10262.196,11239.808283767474,9935.640000000007,977.6122837674739,1304.168283767467,2016
1280,2,Out,Collected,0.0,M2016017446-0,230-00,"Condominium,Townhouse",CONDOMINIUM,Single-family,unit,0.0,0.0,0.0,0.0,0.0,2016
1281,2,Out,Collected,0.0,M2016017458-0,210-00,Single Family Detached,SINGLE FAMILY RESIDENTIAL,Single-family,unit,0.0,0.0,0.0,0.0,0.0,2016
1282,2,Out,Collected,0.0,M2016017486-0,230-00,"Condominium,Townhouse",CONDOMINIUM,Single-family,unit,0.0,0.0,0.0,0.0,0.0,2016
1283,2,Out,Collected,0.0,M2016017513-0,210-00,Single Family Detached,SINGLE FAMILY RESIDENTIAL,Single-family,unit,0.0,0.0,0.0,0.0,0.0,2016
1284,2,Out,Collected,0.0,M2016017624-0,210-00,Single Family Detached,SINGLE FAMILY RESIDENTIAL,Single-family,unit,0.0,0.0,0.0,0.0,0.0,2016
1285,2,Out,Collected,0.0,M2016017644-0,934-00,Fast Food Rest. w/ Drive-Thru,DRIVE-IN RESTAURANTS,Commercial/Retail,sq. ft.,3165.515262,3321.2295381026024,3064.79,155.71427610260253,256.43953810260246,2016
1286,2,Out,Collected,0.0,M2016017934-0,492-00,Health/Fitness,OUTDOOR RECREATIONAL,Other,sq. ft.,54277.28636400001,25254.00562903324,52550.41,-29023.280734966767,-27296.404370966764,2016
1287,2,Out,Collected,0.0,M2016018003-0,210-00,Single Family Detached,SINGLE FAMILY RESIDENTIAL,Single-family,unit,0.0,0.0,0.0,0.0,0.0,2016
1288,2,Out,Collected,0.0,M2016018034-0,210-00,Single Family Detached,SINGLE FAMILY RESIDENTIAL,Single-family,unit,0.0,0.0,0.0,0.0,0.0,2016
1289,2,Out,Collected,0.0,M2016018106-0,210-00,Single Family Detached,SINGLE FAMILY RESIDENTIAL,Single-family,unit,0.0,0.0,0.0,0.0,0.0,2016
1290,2,Out,Collected,0.0,M2016018126-0,210-00,Single Family Detached,SINGLE FAMILY RESIDENTIAL,Single-family,unit,0.0,0.0,0.0,0.0,0.0,2016
1291,2,Out,Collected,0.0,M2016018135-0,210-00,Single Family Detached,SINGLE FAMILY RESIDENTIAL,Single-family,unit,0.0,0.0,0.0,0.0,0.0,2016
1292,2,Out,Collected,0.0,M2016018149-0,310-00,Hotel,"HOTELS, MOTELS",Commercial/Retail,room,-31241.504,-32069.89667313859,-30247.420541150925,-828.3926731385909,-1822.476131987667,2016
1293,2,Out,Collected,0.0,M2016018149-0,820-00,"Shopping Center/General Retail [1-10,000]","STORES, ONE STORY",Commercial/Retail,sq. ft.,7428.79305,7400.773943859011,7192.413895839625,-28.019106140989607,208.36004801938543,2016
1294,2,Out,Collected,0.0,M2016018149-0,932-00,High Turnover Rest.,DRIVE-IN RESTAURANTS,Commercial/Retail,sq. ft.,61483.44825,15884.149520091116,59527.08664531131,-45599.298729908885,-43642.937125220196,2016
1295,2,Out,Collected,0.0,M2016018150-0,210-00,Single Family Detached,SINGLE FAMILY RESIDENTIAL,Single-family,unit,0.0,0.0,0.0,0.0,0.0,2016
1296,2,Out,Collected,0.0,M2016018177-0,210-00,Single Family Detached,SINGLE FAMILY RESIDENTIAL,Single-family,unit,0.0,0.0,0.0,0.0,0.0,2016
1297,2,Out,Collected,0.0,M2016018184-0,210-00,Single Family Detached,SINGLE FAMILY RESIDENTIAL,Single-family,unit,0.0,0.0,0.0,0.0,0.0,2016
1298,2,Out,Collected,0.0,M2016018268-0,210-00,Single Family Detached,SINGLE FAMILY RESIDENTIAL,Single-family,unit,0.0,0.0,0.0,0.0,0.0,2016
1299,2,Out,Collected,0.0,M2016018312-0,210-00,Single Family Detached,SINGLE FAMILY RESIDENTIAL,Single-family,unit,0.0,0.0,0.0,0.0,0.0,2016
1300,2,Out,Collected,0.0,M2016018313-0,210-00,Single Family Detached,SINGLE FAMILY RESIDENTIAL,Single-family,unit,0.0,0.0,0.0,0.0,0.0,2016
1301,2,Out,Collected,0.0,M2016018320-0,710-00,"General Office Building [1-50,000]","OFFICE, ONE STORY",Office,sq. ft.,37236.747731400006,38127.03175828044,36051.880000000005,890.2840268804357,2075.151758280437,2016
1302,2,Out,Collected,0.0,M2017000111-0,210-00,Single Family Detached,SINGLE FAMILY RESIDENTIAL,Single-family,unit,8380.498000000001,9053.22441968984,8380.5,672.7264196898377,672.7244196898391,2016
1303,2,Out,Collected,0.0,M2017000112-0,220-00,Apartment (Rentals),MULTI-FAMILY 10 OR MORE,Multifamily,unit,-58843.68000000001,-70200.85037301871,-58843.68000000001,-11357.1703730187,-11357.1703730187,2016
1304,2,Out,Collected,0.0,M2017000112-0,310-00,Hotel,"HOTELS, MOTELS",Commercial/Retail,room,78103.76000000001,80174.74168284648,78103.76000000001,2070.981682846468,2070.981682846468,2016
1305,2,Out,Collected,0.0,M2017000128-0,210-00,Single Family Detached,SINGLE FAMILY RESIDENTIAL,Single-family,unit,8380.498000000001,9053.22441968984,8380.5,672.7264196898377,672.7244196898391,2016
1306,2,Out,Collected,0.0,M2017000129-0,210-00,Single Family Detached,SINGLE FAMILY RESIDENTIAL,Single-family,unit,8380.498000000001,9053.22441968984,8380.5,672.7264196898377,672.7244196898391,2016
1307,2,Out,Collected,0.0,M2017000403-0,210-00,Single Family Detached,SINGLE FAMILY RESIDENTIAL,Single-family,unit,0.0,0.0,0.0,0.0,0.0,2016
1308,2,Out,Collected,0.0,M2017000438-0,210-00,Single Family Detached,SINGLE FAMILY RESIDENTIAL,Single-family,unit,8380.498000000001,9053.22441968984,8380.5,672.7264196898377,672.7244196898391,2016
1309,2,Out,Collected,0.0,M2017000835-0,710-00,"General Office Building [1-50,000]","OFFICE, ONE STORY",Office,sq. ft.,-6896.452710000001,-7061.338261609868,-6896.489345670853,-164.88555160986652,-164.84891593901466,2016
1310,2,Out,Collected,0.0,M2017000835-0,720-00,Medical Office Building,PROFESSIONAL BUILDING,Office,sq. ft.,15924.644750000003,6468.863571454712,15924.729345670854,-9455.78117854529,-9455.865774216141,2016
1311,2,Out,Collected,0.0,M2017000845-0,210-00,Single Family Detached,SINGLE FAMILY RESIDENTIAL,Single-family,unit,0.0,0.0,0.0,0.0,0.0,2016
1312,2,Out,Collected,0.0,M2017000939-0,230-00,"Condominium,Townhouse",CONDOMINIUM,Single-family,unit,0.0,0.0,0.0,0.0,0.0,2016
1313,2,Out,Collected,0.0,M2017000992-0,230-00,"Condominium,Townhouse",CONDOMINIUM,Single-family,unit,0.0,0.0,0.0,0.0,0.0,2016
1314,2,Out,Collected,0.0,M2017001151-0,710-00,"General Office Building [1-50,000]","OFFICE, ONE STORY",Office,sq. ft.,-8740.05888,-8949.022747386764,-8740.105384996692,-208.963867386763,-208.9173623900715,2016
1315,2,Out,Collected,0.0,M2017001151-0,720-00,Medical Office Building,PROFESSIONAL BUILDING,Office,sq. ft.,20181.728000000003,8198.163734120822,20181.83538499669,-11983.56426587918,-11983.67165087587,2016
1316,2,Out,Collected,0.0,M2017001221-0,934-00,Fast Food Rest. w/ Drive-Thru,DRIVE-IN RESTAURANTS,Commercial/Retail,sq. ft.,3834.286092,4022.8977503778,3834.2799999999997,188.61165837780027,188.61775037780035,2016
1317,2,Out,Collected,0.0,M2017001296-0,210-00,Single Family Detached,SINGLE FAMILY RESIDENTIAL,Single-family,unit,0.0,0.0,0.0,0.0,0.0,2016
1318,2,Out,Collected,0.0,M2017001520-0,210-00,Single Family Detached,SINGLE FAMILY RESIDENTIAL,Single-family,unit,8380.498000000001,9053.22441968984,8380.5,672.7264196898377,672.7244196898391,2016
1319,2,Out,Collected,0.0,M2017001677-0,710-00,"General Office Building [1-50,000]","OFFICE, ONE STORY",Office,sq. ft.,-34796.35941600001,-35628.29681303355,-34796.51418953913,-831.9373970335437,-831.7826234944223,2016
1320,2,Out,Collected,0.0,M2017001677-0,820-00,"Shopping Center/General Retail [1-10,000]","STORES, ONE STORY",Commercial/Retail,sq. ft.,42063.477092,41904.82668656169,42063.66418953913,-158.65040543831128,-158.83750297743973,2016
1321,2,Out,Collected,0.0,M2017001797-0,210-00,Single Family Detached,SINGLE FAMILY RESIDENTIAL,Single-family,unit,8380.498000000001,9053.22441968984,8380.5,672.7264196898377,672.7244196898391,2016
1322,2,Out,Collected,0.0,M2017001806-0,820-00,"Shopping Center/General Retail [1-10,000]","STORES, ONE STORY",Commercial/Retail,sq. ft.,-34816.276761,-34684.96055021923,-34816.27714273654,131.31621078077296,131.3165925173089,2016
1323,2,Out,Collected,0.0,M2017001806-0,937-00,Coffee/Donut Shop,DRIVE-IN RESTAURANTS,Commercial/Retail,sq. ft.,108601.115952,171853.10597489652,108601.11714273653,63251.99002289653,63251.98883215999,2016
1324,2,Out,Collected,0.0,M2017001813-0,820-00,"Shopping Center/General Retail [1-10,000]","STORES, ONE STORY",Commercial/Retail,sq. ft.,-12051.15317,-12005.699953371284,-12051.153042597205,45.45321662871538,45.45308922592085,2016
1325,2,Out,Collected,0.0,M2017001813-0,937-00,Coffee/Donut Shop,DRIVE-IN RESTAURANTS,Commercial/Retail,sq. ft.,37590.71344,59484.47954560193,37590.71304259721,21893.766105601928,21893.76650300472,2016
1326,2,Out,Collected,0.0,M2017001827-0,210-00,Single Family Detached,SINGLE FAMILY RESIDENTIAL,Single-family,unit,0.0,0.0,0.0,0.0,0.0,2016
1327,2,Out,Collected,0.0,M2017001880-0,210-00,Single Family Detached,SINGLE FAMILY RESIDENTIAL,Single-family,unit,0.0,0.0,0.0,0.0,0.0,2016
1328,2,Out,Collected,0.0,M2017002156-0,210-00,Single Family Detached,SINGLE FAMILY RESIDENTIAL,Single-family,unit,8380.498000000001,9053.22441968984,164.32,672.7264196898377,8888.90441968984,2016
1329,2,Out,Collected,0.0,M2017002265-0,210-00,Single Family Detached,SINGLE FAMILY RESIDENTIAL,Single-family,unit,-8380.498000000001,-9053.22441968984,-8380.506907378343,-672.7264196898377,-672.7175123114957,2016
1330,2,Out,Collected,0.0,M2017002265-0,230-00,"Condominium,Townhouse",CONDOMINIUM,Single-family,unit,10262.196,11239.808283767474,10262.206907378344,977.6122837674739,977.6013763891297,2016
1331,2,Out,Collected,0.0,M2017002269-0,230-00,"Condominium,Townhouse",CONDOMINIUM,Single-family,unit,0.0,0.0,0.0,0.0,0.0,2016
1332,2,Out,Collected,0.0,M2017002412-0,210-00,Single Family Detached,SINGLE FAMILY RESIDENTIAL,Single-family,unit,0.0,0.0,0.0,0.0,0.0,2016
1333,2,Out,Collected,0.0,M2017002431-0,710-00,"General Office Building [1-50,000]","OFFICE, ONE STORY",Office,sq. ft.,100742.83493400001,103151.47001167524,100742.40854761968,2408.6350776752224,2409.0614640555577,2016
1334,2,Out,Collected,0.0,M2017002431-0,720-00,Medical Office Building,PROFESSIONAL BUILDING,Office,sq. ft.,71676.66835,29116.290886963485,71676.36498395723,-42560.37746303652,-42560.07409699375,2016
1335,2,Out,Collected,0.0,M2017002431-0,820-01,"Shopping Center/General Retail [10,001 -50,000]","STORES, ONE STORY",Commercial/Retail,sq. ft.,-136040.349312,-96806.37590223842,-136039.7735315769,39233.97340976159,39233.39762933849,2016
1336,2,Out,Collected,0.0,M2017002502-0,210-00,Single Family Detached,SINGLE FAMILY RESIDENTIAL,Single-family,unit,-8380.498000000001,-9053.22441968984,-8380.506907378343,-672.7264196898377,-672.7175123114957,2016
1337,2,Out,Collected,0.0,M2017002502-0,230-00,"Condominium,Townhouse",CONDOMINIUM,Single-family,unit,10262.196,11239.808283767474,10262.206907378344,977.6122837674739,977.6013763891297,2016
1338,2,Out,Collected,0.0,M2017002570-0,210-00,Single Family Detached,SINGLE FAMILY RESIDENTIAL,Single-family,unit,0.0,0.0,0.0,0.0,0.0,2016
1339,2,Out,Collected,0.0,M2017002649-0,210-00,Single Family Detached,SINGLE FAMILY RESIDENTIAL,Single-family,unit,-8380.498000000001,-9053.22441968984,-8380.506907378343,-672.7264196898377,-672.7175123114957,2016
1340,2,Out,Collected,0.0,M2017002649-0,230-00,"Condominium,Townhouse",CONDOMINIUM,Single-family,unit,10262.196,11239.808283767474,10262.206907378344,977.6122837674739,977.6013763891297,2016
1341,2,Out,Collected,0.0,M2017002741-0,210-00,Single Family Detached,SINGLE FAMILY RESIDENTIAL,Single-family,unit,8380.498000000001,9053.22441968984,2001.116503352243,672.7264196898377,7052.107916337596,2016
1342,2,Out,Collected,0.0,M2017002741-0,231-00,Duplex,MULTI-FAMILY LESS THAN 10,Multifamily,unit,-5516.595,-4948.5845344914815,-1317.266503352243,568.0104655085188,-3631.3180311392384,2016
1343,2,Out,Collected,0.0,M2017002938-0,210-00,Single Family Detached,SINGLE FAMILY RESIDENTIAL,Single-family,unit,0.0,0.0,0.0,0.0,0.0,2016
1344,2,Out,Collected,0.0,M2017003073-0,210-00,Single Family Detached,SINGLE FAMILY RESIDENTIAL,Single-family,unit,0.0,0.0,0.0,0.0,0.0,2016
1345,2,Out,Collected,0.0,M2017003104-0,210-00,Single Family Detached,SINGLE FAMILY RESIDENTIAL,Single-family,unit,8380.498000000001,9053.22441968984,8380.5,672.7264196898377,672.7244196898391,2016
1346,2,Out,Collected,0.0,M2017003240-0,210-00,Single Family Detached,SINGLE FAMILY RESIDENTIAL,Single-family,unit,0.0,0.0,0.0,0.0,0.0,2016
1347,2,Out,Collected,0.0,M2017003264-0,210-00,Single Family Detached,SINGLE FAMILY RESIDENTIAL,Single-family,unit,0.0,0.0,0.0,0.0,0.0,2016
1348,2,Out,Collected,0.0,M2017003401-0,210-00,Single Family Detached,SINGLE FAMILY RESIDENTIAL,Single-family,unit,0.0,0.0,0.0,0.0,0.0,2016
1349,2,Out,Collected,0.0,M2017003424-0,210-00,Single Family Detached,SINGLE FAMILY RESIDENTIAL,Single-family,unit,8380.498000000001,9053.22441968984,8380.5,672.7264196898377,672.7244196898391,2016
1350,2,Out,Collected,0.0,M2017003625-0,210-00,Single Family Detached,SINGLE FAMILY RESIDENTIAL,Single-family,unit,0.0,0.0,0.0,0.0,0.0,2016
1351,2,Out,Collected,0.0,M2017003832-0,210-00,Single Family Detached,SINGLE FAMILY RESIDENTIAL,Single-family,unit,0.0,0.0,0.0,0.0,0.0,2016
1352,2,Out,Letter of Credit submitted,0.0,M2016009505-0,610-00,Hospital,HOSPITALS,Other,sq. ft.,4237579.295145,2775474.0750343357,4102750.913881619,-1462105.2201106646,-1327276.8388472833,2016
1353,2,Out,Letter of Credit submitted,0.0,M2016009505-0,710-00,"General Office Building [1-50,000]","OFFICE, ONE STORY",Office,sq. ft.,-116625.16068000002,-119413.52228544212,-112914.4615912345,-2788.3616054421,-6499.060694207612,2016
1354,2,Out,Letter of Credit submitted,0.0,M2016009505-0,720-00,Medical Office Building,PROFESSIONAL BUILDING,Office,sq. ft.,-738367.43925,-299937.50599131105,-714874.5722903839,438429.933258689,414937.0662990728,2016
1355,2,Out,Letter of Credit submitted,0.0,M2016016463-0,150-00,Warehousing,"WAREHOUSING, DISTRIBUTION TERMINALS",Industrial/Manufacturing,sq. ft.,461.22279000000003,174.8454226626784,446.5464584191551,-286.37736733732163,-271.7010357564767,2016
1356,2,Out,Letter of Credit submitted,0.0,M2016016463-0,710-00,"General Office Building [1-50,000]","OFFICE, ONE STORY",Office,sq. ft.,101671.46619000002,104102.30367858507,98436.23110954117,2430.83748858505,5666.072569043899,2016
1357,2,Out,Letter of Credit submitted,0.0,M2016016463-0,820-00,"Shopping Center/General Retail [1-10,000]","STORES, ONE STORY",Commercial/Retail,sq. ft.,9360.279242999999,9324.975169262354,9062.430643932359,-35.30407373764501,262.54452532999494,2016
1358,2,Out,Letter of Credit submitted,0.0,M2016016463-0,932-01,High turnover Rest/Seats,"RESTAURANTS, CAFETERIAS",Commercial/Retail,seats,66642.24,22000.747497965,64521.65178810734,-44641.492502035006,-42520.90429014234,2016
1359,3,In,Assessed,0.0,C2000137409-0,150-00,Warehousing,"WAREHOUSING, DISTRIBUTION TERMINALS",Industrial/Manufacturing,sq. ft.,209098.88999999998,85481.73330106132,34515.0,-123617.15669893866,50966.73330106132,2016
1360,3,In,Assessed,0.0,C2011084859-0,220-00,Apartment (Rentals),MULTI-FAMILY 10 OR MORE,Multifamily,unit,647304.1120000001,825704.8558570002,348961.34,178400.74385700014,476743.5158570002,2016
1361,3,In,Assessed,0.0,C2015099197-0,944-00,Service Stations w/ Gasoline,SERVICE STATIONS,Commercial/Retail,fuel station,33644.583,58470.46263807254,24619.54,24825.87963807254,33850.92263807254,2016
1362,3,In,Assessed,0.0,C2015123487-0,210-00,Single Family Detached,SINGLE FAMILY RESIDENTIAL,Single-family,unit,-8863.477,-10238.879044885038,-7296.583377876763,-1375.402044885037,-2942.295667008275,2016
1363,3,In,Assessed,0.0,C2015123487-0,230-00,"Condominium,Townhouse",CONDOMINIUM,Single-family,unit,10852.996000000001,12711.828644708969,8934.393377876762,1858.8326447089676,3777.4352668322063,2016
1364,3,In,Assessed,0.0,C2015178951-0,150-00,Warehousing,"WAREHOUSING, DISTRIBUTION TERMINALS",Industrial/Manufacturing,sq. ft.,-8090.7330504,-3307.573200529066,-6660.516519903497,4783.159849870934,3352.943319374431,2016
1365,3,In,Assessed,0.0,C2015178951-0,710-00,"General Office Building [1-50,000]","OFFICE, ONE STORY",Office,sq. ft.,25146.594967200002,27774.108916632606,20701.376519903497,2627.513949432603,7072.732396729109,2016
1366,3,In,Assessed,0.0,C2015184916-0,140-00,Manufacturing,HEAVY INDUSTRIAL,Industrial/Manufacturing,sq. ft.,-109510.3926,-131288.15176652663,-90166.09434146347,-21777.759166526623,-41122.05742506316,2016
1367,3,In,Assessed,0.0,C2015184916-0,151-00,Mini-Warehouse,"WAREHOUSING, DISTRIBUTION TERMINALS",Industrial/Manufacturing,sq. ft.,137306.0556,100888.09626842501,113051.83434146347,-36417.95933157498,-12163.738073038461,2016
1368,3,In,Assessed,0.0,C2016030137-0,210-00,Single Family Detached,SINGLE FAMILY RESIDENTIAL,Single-family,unit,-8380.498000000001,-10238.879044885038,-11955.318849557525,-1858.3810448850363,1716.4398046724873,2016
1369,3,In,Assessed,0.0,C2016030137-0,231-00,Duplex,MULTI-FAMILY LESS THAN 10,Multifamily,unit,22066.38,22386.701640511357,31479.108849557528,320.32164051135624,-9092.40720904617,2016
1370,3,In,Assessed,0.0,C2016048527-0,520-00,Elementary School (30 SF/St),PUBLIC COUNTY SCHOOLS,Other,student,15877.75,177448.28774909972,15372.5,161570.53774909972,162075.78774909972,2016
1371,3,In,Assessed,0.0,C2016048595-0,530-00,High School (25 SF/St),PUBLIC COUNTY SCHOOLS,Other,student,0.0,0.0,0.0,0.0,0.0,2016
1372,3,In,Assessed,0.0,C2016054490-0,210-00,Single Family Detached,SINGLE FAMILY RESIDENTIAL,Single-family,unit,-8380.498000000001,-10238.879044885038,-8113.820000000007,-1858.3810448850363,-2125.0590448850307,2016
1373,3,In,Assessed,0.0,C2016054490-0,230-00,"Condominium,Townhouse",CONDOMINIUM,Single-family,unit,10262.196,12711.828644708969,9935.640000000007,2449.6326447089687,2776.188644708962,2016
1374,3,In,Assessed,0.0,C2016066906-0,150-00,Warehousing,"WAREHOUSING, DISTRIBUTION TERMINALS",Industrial/Manufacturing,sq. ft.,67148.623542,27451.033954080827,65012.16,-39697.589587919174,-37561.126045919176,2016
1375,3,In,Assessed,0.0,C2016080530-0,210-00,Single Family Detached,SINGLE FAMILY RESIDENTIAL,Single-family,unit,-8380.498000000001,-10238.879044885038,-8113.820000000007,-1858.3810448850363,-2125.0590448850307,2016
1376,3,In,Assessed,0.0,C2016080530-0,230-00,"Condominium,Townhouse",CONDOMINIUM,Single-family,unit,10262.196,12711.828644708969,9935.640000000007,2449.6326447089687,2776.188644708962,2016
1377,3,In,Assessed,0.0,C2016125771-0,210-00,Single Family Detached,SINGLE FAMILY RESIDENTIAL,Single-family,unit,5938.52959,6860.048960072975,5749.5599999999995,921.5193700729751,1110.4889600729757,2016
1378,3,In,Assessed,0.0,C2016125778-0,210-00,Single Family Detached,SINGLE FAMILY RESIDENTIAL,Single-family,unit,5938.52959,6860.048960072975,5749.5599999999995,921.5193700729751,1110.4889600729757,2016
1379,3,In,Assessed,0.0,C2016125787-0,210-00,Single Family Detached,SINGLE FAMILY RESIDENTIAL,Single-family,unit,5938.52959,6860.048960072975,5749.5599999999995,921.5193700729751,1110.4889600729757,2016
1380,3,In,Assessed,0.0,C2016130350-0,710-00,"General Office Building [1-50,000]","OFFICE, ONE STORY",Office,sq. ft.,-9832.566240000002,-11484.814162632365,-9519.549445882978,-1652.247922632363,-1965.264716749387,2016
1381,3,In,Assessed,0.0,C2016130350-0,820-00,"Shopping Center/General Retail [1-10,000]","STORES, ONE STORY",Commercial/Retail,sq. ft.,11886.068879999999,13508.059325373662,11507.679445882979,1621.9904453736635,2000.3798794906834,2016
1382,3,In,Assessed,0.0,C2016131637-0,140-00,Manufacturing,HEAVY INDUSTRIAL,Industrial/Manufacturing,sq. ft.,0.0,0.0,0.0,0.0,0.0,2016
1383,3,In,Assessed,0.0,C2016147391-0,210-00,Single Family Detached,SINGLE FAMILY RESIDENTIAL,Single-family,unit,4431.7385,5119.439522442519,4290.71,687.7010224425185,828.7295224425188,2016
1384,3,In,Assessed,0.0,C2016154754-0,820-01,"Shopping Center/General Retail [10,001 -50,000]","STORES, ONE STORY",Commercial/Retail,sq. ft.,9523.828930000001,7310.143500344129,9220.779999999999,-2213.685429655872,-1910.6364996558696,2016
1385,3,In,Assessed,0.0,C2017009525-0,210-00,Single Family Detached,SINGLE FAMILY RESIDENTIAL,Single-family,unit,-8380.498000000001,-10238.879044885038,-8380.506907378343,-1858.3810448850363,-1858.3721375066943,2016
1386,3,In,Assessed,0.0,C2017009525-0,230-00,"Condominium,Townhouse",CONDOMINIUM,Single-family,unit,10262.196,12711.828644708969,10262.206907378344,2449.6326447089687,2449.6217373306245,2016
1387,3,In,Assessed,0.0,C2017020642-0,210-00,Single Family Detached,SINGLE FAMILY RESIDENTIAL,Single-family,unit,8863.477,10238.879044885038,8863.480000000001,1375.402044885037,1375.3990448850363,2016
1388,3,In,Assessed,0.0,C2017033312-0,210-00,Single Family Detached,SINGLE FAMILY RESIDENTIAL,Single-family,unit,-8380.498000000001,-10238.879044885038,-8380.490829823088,-1858.3810448850363,-1858.3882150619502,2016
1389,3,In,Assessed,0.0,C2017033312-0,230-00,"Condominium,Townhouse",CONDOMINIUM,Single-family,unit,15393.294,19067.742967063452,15393.280829823087,3674.448967063452,3674.4621372403653,2016
1390,3,In,Assessed,0.0,M2015005978-0,820-01,"Shopping Center/General Retail [10,001 -50,000]","STORES, ONE STORY",Commercial/Retail,sq. ft.,0.0,0.0,0.0,0.0,0.0,2016
1391,3,In,Assessed,0.0,M2015008993-0,220-00,Apartment (Rentals),MULTI-FAMILY 10 OR MORE,Multifamily,unit,-24896.312,-31757.879071423085,-20495.219824832515,-6861.567071423084,-11262.65924659057,2016
1392,3,In,Assessed,0.0,M2015008993-0,710-00,"General Office Building [1-50,000]","OFFICE, ONE STORY",Office,sq. ft.,22385.264300000003,24724.252711222452,18428.06728424176,2338.98841122245,6296.185426980694,2016
1393,3,In,Assessed,0.0,M2015008993-0,720-00,Medical Office Building,PROFESSIONAL BUILDING,Office,sq. ft.,45790.456179999994,20063.328723595205,37695.76254059076,-25727.12745640479,-17632.433816995555,2016
1394,3,In,Assessed,0.0,M2015013788-0,710-00,"General Office Building [1-50,000]","OFFICE, ONE STORY",Office,sq. ft.,618850.7940720001,722841.4424914559,509452.4730922441,103990.64841945586,213388.9693992118,2016
1395,3,In,Assessed,0.0,M2015013788-0,720-00,Medical Office Building,PROFESSIONAL BUILDING,Office,sq. ft.,2143520.25125,993302.8186353853,1764596.0926012322,-1150217.432614615,-771293.273965847,2016
1396,3,In,Assessed,0.0,M2015013788-0,880-00,Pharmacy/Drugstore w/o Drive-Thru,"STORES, ONE STORY",Commercial/Retail,sq. ft.,5378.569350000001,5927.910896760171,4427.764306523367,549.3415467601708,1500.1465902368045,2016
1397,3,In,Assessed,0.0,M2016006550-0,820-02,"Shopping Center/General Retail [50,001 -100,000]","STORES, ONE STORY",Commercial/Retail,sq. ft.,0.0,0.0,0.0,0.0,0.0,2016
1398,3,In,Assessed,0.0,M2016011155-0,820-00,"Shopping Center/General Retail [1-10,000]","STORES, ONE STORY",Commercial/Retail,sq. ft.,0.0,0.0,0.0,0.0,0.0,2016
1399,3,In,Assessed,0.0,M2016011156-0,820-02,"Shopping Center/General Retail [50,001 -100,000]","STORES, ONE STORY",Commercial/Retail,sq. ft.,0.0,0.0,0.0,0.0,0.0,2016
1400,3,In,Assessed,0.0,M2016012522-0,820-02,"Shopping Center/General Retail [50,001 -100,000]","STORES, ONE STORY",Commercial/Retail,sq. ft.,0.0,0.0,0.0,0.0,0.0,2016
1401,3,In,Assessed,0.0,M2016012663-0,150-00,Warehousing,"WAREHOUSING, DISTRIBUTION TERMINALS",Industrial/Manufacturing,sq. ft.,35985.918969,14711.406301112655,34840.96000000001,-21274.512667887342,-20129.55369888735,2016
1402,3,In,Assessed,0.0,M2016013856-0,710-00,"General Office Building [1-50,000]","OFFICE, ONE STORY",Office,sq. ft.,-11469.961645800002,-13397.354743326283,-11104.980985945853,-1927.393097526281,-2292.37375738043,2016
1403,3,In,Assessed,0.0,M2016013856-0,710-02,"General Office Building [100,001-150,000]",PROFESSIONAL BUILDING,Office,sq. ft.,564379.5569300001,864001.7984261559,546420.680566021,299622.24149615585,317581.1178601349,2016
1404,3,In,Assessed,0.0,M2016013856-0,720-00,Medical Office Building,PROFESSIONAL BUILDING,Office,sq. ft.,2688805.3146500005,1245986.780972172,2603246.010419925,-1442818.5336778285,-1357259.2294477532,2016
1405,3,In,Assessed,0.0,M2016015982-0,820-01,"Shopping Center/General Retail [10,001 -50,000]","STORES, ONE STORY",Commercial/Retail,sq. ft.,4465.597248,3625.030064554212,4323.51,-840.567183445788,-698.4799354457882,2016
1406,3,In,Assessed,0.0,M2016017363-0,150-00,Warehousing,"WAREHOUSING, DISTRIBUTION TERMINALS",Industrial/Manufacturing,sq. ft.,2411.607198,985.8893240722406,2334.88,-1425.7178739277597,-1348.9906759277596,2016
1407,3,In,Assessed,0.0,M2017000253-0,150-00,Warehousing,"WAREHOUSING, DISTRIBUTION TERMINALS",Industrial/Manufacturing,sq. ft.,-2314.027716,-945.9978485317454,-2314.0366948130277,1368.0298674682547,1368.0388462812823,2016
1408,3,In,Assessed,0.0,M2017000253-0,710-00,"General Office Building [1-50,000]","OFFICE, ONE STORY",Office,sq. ft.,7192.168788,7943.6631291540525,7192.196694813027,751.4943411540526,751.4664343410259,2016
1409,3,In,Assessed,0.0,M2017002278-0,820-04,"Shopping Center/General Retail [200,001-300,000]",COMMUNITY SHOPPING CENTER,Commercial/Retail,sq. ft.,531797.5425000001,700252.076345365,0.0,168454.53384536493,700252.076345365,2016
1410,3,In,Assessed,0.0,M2017002278-0,820-05,"Shopping Center/General Retail [300,001-400,000]",COMMUNITY SHOPPING CENTER,Commercial/Retail,sq. ft.,-531789.135416,-456715.49465803953,0.0,75073.6407579605,-456715.49465803953,2016
1411,3,In,Assessed,0.0,M2017002283-0,820-04,"Shopping Center/General Retail [200,001-300,000]",COMMUNITY SHOPPING CENTER,Commercial/Retail,sq. ft.,125992.42761000001,165902.34438267568,0.0,39909.91677267567,165902.34438267568,2016
1412,3,In,Assessed,0.0,M2017002283-0,820-05,"Shopping Center/General Retail [300,001-400,000]",COMMUNITY SHOPPING CENTER,Commercial/Retail,sq. ft.,-125992.54582908002,-108205.94867275789,0.0,17786.597156322125,-108205.94867275789,2016
1413,3,In,Assessed,0.0,M2017002290-0,820-04,"Shopping Center/General Retail [200,001-300,000]",COMMUNITY SHOPPING CENTER,Commercial/Retail,sq. ft.,447198.1432800001,588854.5984952762,0.0,141656.4552152761,588854.5984952762,2016
1414,3,In,Assessed,0.0,M2017002290-0,820-05,"Shopping Center/General Retail [300,001-400,000]",COMMUNITY SHOPPING CENTER,Commercial/Retail,sq. ft.,-447198.56056204,-384066.72531525785,0.0,63131.83524678217,-384066.72531525785,2016
1415,3,In,Collected,0.0,C1997057121-0,150-00,Warehousing,"WAREHOUSING, DISTRIBUTION TERMINALS",Industrial/Manufacturing,sq. ft.,-30821.176386,-12600.007488576439,-5789.512834740651,18221.16889742356,-6810.494653835788,2016
1416,3,In,Collected,0.0,C1997057121-0,710-00,"General Office Building [1-50,000]","OFFICE, ONE STORY",Office,sq. ft.,95794.489098,105803.85047325067,17994.23283474065,10009.361375250664,87809.61763851001,2016
1417,3,In,Collected,0.0,C2013145838-0,210-00,Single Family Detached,SINGLE FAMILY RESIDENTIAL,Single-family,unit,8863.477,10238.879044885038,5102.05,1375.402044885037,5136.829044885038,2016
1418,3,In,Collected,0.0,C2014022939-0,220-00,Apartment (Rentals),MULTI-FAMILY 10 OR MORE,Multifamily,unit,164762.304,222305.1534999616,94841.51,57542.849499961594,127463.6434999616,2016
1419,3,In,Collected,0.0,C2014108438-0,231-00,Duplex,MULTI-FAMILY LESS THAN 10,Multifamily,unit,36777.3,37311.16940085226,37546.99,533.869400852258,-235.82059914773708,2016
1420,3,In,Collected,0.0,C2014110429-0,560-00,Church/Synagogue,"CHURCHES, TEMPLES",Other,sq. ft.,206958.256176,130684.848821405,151442.53,-76273.407354595,-20757.681178594998,2016
1421,3,In,Collected,0.0,C2015085885-0,210-00,Single Family Detached,SINGLE FAMILY RESIDENTIAL,Single-family,unit,8380.498000000001,10238.879044885038,6132.46,1858.3810448850363,4106.419044885038,2016
1422,3,In,Collected,0.0,C2015132314-0,210-00,Single Family Detached,SINGLE FAMILY RESIDENTIAL,Single-family,unit,8863.477,10238.879044885038,7296.62,1375.402044885037,2942.259044885038,2016
1423,3,In,Collected,0.0,C2015132741-0,150-00,Warehousing,"WAREHOUSING, DISTRIBUTION TERMINALS",Industrial/Manufacturing,sq. ft.,-5603.850252,-2290.9104524684435,-4613.234397497892,3312.9397995315567,2322.3239450294486,2016
1424,3,In,Collected,0.0,C2015132741-0,820-00,"Shopping Center/General Retail [1-10,000]","STORES, ONE STORY",Commercial/Retail,sq. ft.,101143.561281,108683.59398873559,83263.99439749788,7540.0327077355905,25419.59959123771,2016
1425,3,In,Collected,0.0,C2015139963-0,231-00,Duplex,MULTI-FAMILY LESS THAN 10,Multifamily,unit,140055.048,134320.20984306815,160819.8,-5734.838156931859,-26499.590156931838,2016
1426,3,In,Collected,0.0,C2015139974-0,231-00,Duplex,MULTI-FAMILY LESS THAN 10,Multifamily,unit,105041.28600000001,100740.15738230111,120614.85,-4301.128617698894,-19874.692617698893,2016
1427,3,In,Collected,0.0,C2015140304-0,140-00,Manufacturing,HEAVY INDUSTRIAL,Industrial/Manufacturing,sq. ft.,52015.881204,65952.98918153749,42820.24,13937.10797753749,23132.74918153749,2016
1428,3,In,Collected,0.0,C2015167153-0,820-01,"Shopping Center/General Retail [10,001 -50,000]","STORES, ONE STORY",Commercial/Retail,sq. ft.,5362.0461510000005,4115.710929645804,4414.14,-1246.3352213541966,-298.4290703541965,2016
1429,3,In,Collected,0.0,C2015168656-0,150-00,Warehousing,"WAREHOUSING, DISTRIBUTION TERMINALS",Industrial/Manufacturing,sq. ft.,-76255.50128000001,-32976.953113476106,-62773.48700455873,43278.548166523906,29796.533891082625,2016
1430,3,In,Collected,0.0,C2015168656-0,151-00,Mini-Warehouse,"WAREHOUSING, DISTRIBUTION TERMINALS",Industrial/Manufacturing,sq. ft.,250779.48733600002,194915.14259127513,206441.53700455872,-55864.34474472489,-11526.39441328359,2016
1431,3,In,Collected,0.0,C2015174414-0,150-00,Warehousing,"WAREHOUSING, DISTRIBUTION TERMINALS",Industrial/Manufacturing,sq. ft.,447787.596256,183060.0816612595,368626.87,-264727.51459474047,-185566.7883387405,2016
1432,3,In,Collected,0.0,C2015188061-0,210-00,Single Family Detached,SINGLE FAMILY RESIDENTIAL,Single-family,unit,-8863.477,-10238.879044885038,-7296.583377876763,-1375.402044885037,-2942.295667008275,2016
1433,3,In,Collected,0.0,C2015188061-0,230-00,"Condominium,Townhouse",CONDOMINIUM,Single-family,unit,10852.996000000001,12711.828644708969,8934.393377876762,1858.8326447089676,3777.4352668322063,2016
1434,3,In,Collected,0.0,C2016011482-0,320-00,Motel,"HOTELS, MOTELS",Commercial/Retail,room,-151568.263,-69036.50966175133,-132070.4013490774,82531.75333824867,63033.891687326075,2016
1435,3,In,Collected,0.0,C2016011482-0,710-02,"General Office Building [100,001-150,000]",PROFESSIONAL BUILDING,Office,sq. ft.,1011326.069628,1548226.777927436,881228.2813490775,536900.7082994359,666998.4965783585,2016
1436,3,In,Collected,0.0,C2016026899-0,820-08,"Shopping Center/General Retail [600,001-800,000]",REGIONAL SHOPPING CENTER,Commercial/Retail,sq. ft.,42560.94841600023,34614.27774832072,37086.0,-7946.670667679515,-2471.7222516792826,2016
1437,3,In,Collected,0.0,C2016031570-0,150-00,Warehousing,"WAREHOUSING, DISTRIBUTION TERMINALS",Industrial/Manufacturing,sq. ft.,516530.018004,211162.67638250176,450083.82,-305367.3416214982,-238921.14361749825,2016
1438,3,In,Collected,0.0,C2016031570-1,150-00,Warehousing,"WAREHOUSING, DISTRIBUTION TERMINALS",Industrial/Manufacturing,sq. ft.,0.0,0.0,0.0,0.0,0.0,2016
1439,3,In,Collected,0.0,C2016042935-0,710-00,"General Office Building [1-50,000]","OFFICE, ONE STORY",Office,sq. ft.,108315.79500000001,119633.48086075381,94382.25,11317.685860753802,25251.230860753814,2016
1440,3,In,Collected,0.0,C2016047442-0,210-00,Single Family Detached,SINGLE FAMILY RESIDENTIAL,Single-family,unit,8863.477,10238.879044885038,8581.43,1375.402044885037,1657.4490448850374,2016
1441,3,In,Collected,0.0,C2016047443-0,210-00,Single Family Detached,SINGLE FAMILY RESIDENTIAL,Single-family,unit,8863.477,10238.879044885038,8581.43,1375.402044885037,1657.4490448850374,2016
1442,3,In,Collected,0.0,C2016052362-0,210-00,Single Family Detached,SINGLE FAMILY RESIDENTIAL,Single-family,unit,8863.477,10238.879044885038,8581.43,1375.402044885037,1657.4490448850374,2016
1443,3,In,Collected,0.0,C2016054163-0,210-00,Single Family Detached,SINGLE FAMILY RESIDENTIAL,Single-family,unit,8863.477,10238.879044885038,8581.43,1375.402044885037,1657.4490448850374,2016
1444,3,In,Collected,0.0,C2016058545-0,210-00,Single Family Detached,SINGLE FAMILY RESIDENTIAL,Single-family,unit,8863.477,10238.879044885038,8581.43,1375.402044885037,1657.4490448850374,2016
1445,3,In,Collected,0.0,C2016058564-0,210-00,Single Family Detached,SINGLE FAMILY RESIDENTIAL,Single-family,unit,8863.477,10238.879044885038,8581.43,1375.402044885037,1657.4490448850374,2016
1446,3,In,Collected,0.0,C2016069637-0,210-00,Single Family Detached,SINGLE FAMILY RESIDENTIAL,Single-family,unit,8863.477,10238.879044885038,8581.43,1375.402044885037,1657.4490448850374,2016
1447,3,In,Collected,0.0,C2016076114-0,210-00,Single Family Detached,SINGLE FAMILY RESIDENTIAL,Single-family,unit,0.0,0.0,0.0,0.0,0.0,2016
1448,3,In,Collected,0.0,C2016082836-0,150-00,Warehousing,"WAREHOUSING, DISTRIBUTION TERMINALS",Industrial/Manufacturing,sq. ft.,71130.795736,29078.986074947705,68867.63,-42051.80966105229,-39788.643925052296,2016
1449,3,In,Collected,0.0,C2016082842-0,150-00,Warehousing,"WAREHOUSING, DISTRIBUTION TERMINALS",Industrial/Manufacturing,sq. ft.,71260.901712,29132.174709001698,68993.6,-42128.727002998305,-39861.425290998304,2016
1450,3,In,Collected,0.0,C2016082846-0,150-00,Warehousing,"WAREHOUSING, DISTRIBUTION TERMINALS",Industrial/Manufacturing,sq. ft.,71130.795736,29078.986074947705,68867.63,-42051.80966105229,-39788.643925052296,2016
1451,3,In,Collected,0.0,C2016084312-0,150-00,Warehousing,"WAREHOUSING, DISTRIBUTION TERMINALS",Industrial/Manufacturing,sq. ft.,-268673.73985578003,-116188.88045222398,0.0,152484.85940355604,-116188.88045222398,2016
1452,3,In,Collected,0.0,C2016084312-0,151-00,Mini-Warehouse,"WAREHOUSING, DISTRIBUTION TERMINALS",Industrial/Manufacturing,sq. ft.,268669.886156,208820.22579428434,0.0,-59849.66036171568,208820.22579428434,2016
1453,3,In,Collected,0.0,C2016085584-0,944-00,Service Stations w/ Gasoline,SERVICE STATIONS,Commercial/Retail,fuel station,33644.583,58470.46263807254,32573.97,24825.87963807254,25896.492638072537,2016
1454,3,In,Collected,0.0,C2016085939-0,210-00,Single Family Detached,SINGLE FAMILY RESIDENTIAL,Single-family,unit,8863.477,10238.879044885038,8581.43,1375.402044885037,1657.4490448850374,2016
1455,3,In,Collected,0.0,C2016089170-0,151-00,Mini-Warehouse,"WAREHOUSING, DISTRIBUTION TERMINALS",Industrial/Manufacturing,sq. ft.,0.0,0.0,0.0,0.0,0.0,2016
1456,3,In,Collected,0.0,C2016089170-0,820-00,"Shopping Center/General Retail [1-10,000]","STORES, ONE STORY",Commercial/Retail,sq. ft.,0.0,0.0,0.0,0.0,0.0,2016
1457,3,In,Collected,0.0,C2016089731-0,210-00,Single Family Detached,SINGLE FAMILY RESIDENTIAL,Single-family,unit,8863.477,10238.879044885038,8581.43,1375.402044885037,1657.4490448850374,2016
1458,3,In,Collected,0.0,C2016089747-0,210-00,Single Family Detached,SINGLE FAMILY RESIDENTIAL,Single-family,unit,8863.477,10238.879044885038,8581.43,1375.402044885037,1657.4490448850374,2016
1459,3,In,Collected,0.0,C2016089759-0,210-00,Single Family Detached,SINGLE FAMILY RESIDENTIAL,Single-family,unit,8863.477,10238.879044885038,8581.43,1375.402044885037,1657.4490448850374,2016
1460,3,In,Collected,0.0,C2016089781-0,210-00,Single Family Detached,SINGLE FAMILY RESIDENTIAL,Single-family,unit,8863.477,10238.879044885038,8581.43,1375.402044885037,1657.4490448850374,2016
1461,3,In,Collected,0.0,C2016094475-0,210-00,Single Family Detached,SINGLE FAMILY RESIDENTIAL,Single-family,unit,0.0,0.0,0.0,0.0,0.0,2016
1462,3,In,Collected,0.0,C2016097520-0,210-00,Single Family Detached,SINGLE FAMILY RESIDENTIAL,Single-family,unit,8863.477,10238.879044885038,8581.43,1375.402044885037,1657.4490448850374,2016
1463,3,In,Collected,0.0,C2016097525-0,210-00,Single Family Detached,SINGLE FAMILY RESIDENTIAL,Single-family,unit,8863.477,10238.879044885038,8581.43,1375.402044885037,1657.4490448850374,2016
1464,3,In,Collected,0.0,C2016110207-0,210-00,Single Family Detached,SINGLE FAMILY RESIDENTIAL,Single-family,unit,4431.7385,5119.439522442519,84.13,687.7010224425185,5035.309522442519,2016
1465,3,In,Collected,0.0,C2016113178-0,210-00,Single Family Detached,SINGLE FAMILY RESIDENTIAL,Single-family,unit,8863.477,10238.879044885038,8581.43,1375.402044885037,1657.4490448850374,2016
1466,3,In,Collected,0.0,C2016114982-0,550-00,University (20 SF/St),COLLEGES,Other,student,230611.395,91991.5822205955,223274.51848209262,-138619.81277940448,-131282.93626149712,2016
1467,3,In,Collected,0.0,C2016114982-0,710-00,"General Office Building [1-50,000]","OFFICE, ONE STORY",Office,sq. ft.,-160162.95554,-176898.0403661013,-155067.38848209262,-16735.084826101316,-21830.651884008694,2016
1468,3,In,Collected,0.0,C2016115172-0,210-00,Single Family Detached,SINGLE FAMILY RESIDENTIAL,Single-family,unit,-8863.477,-10238.879044885038,-8581.43,-1375.402044885037,-1657.4490448850374,2016
1469,3,In,Collected,0.0,C2016115172-0,230-00,"Condominium,Townhouse",CONDOMINIUM,Single-family,unit,10852.996000000001,12711.828644708969,10507.64,1858.8326447089676,2204.188644708969,2016
1470,3,In,Collected,0.0,C2016122494-0,530-00,High School (25 SF/St),PUBLIC COUNTY SCHOOLS,Other,student,0.0,0.0,0.0,0.0,0.0,2016
1471,3,In,Collected,0.0,C2016129003-0,210-00,Single Family Detached,SINGLE FAMILY RESIDENTIAL,Single-family,unit,8863.477,10238.879044885038,168.26,1375.402044885037,10070.619044885038,2016
1472,3,In,Collected,0.0,C2016129046-0,210-00,Single Family Detached,SINGLE FAMILY RESIDENTIAL,Single-family,unit,8863.477,10238.879044885038,168.26,1375.402044885037,10070.619044885038,2016
1473,3,In,Collected,0.0,C2016137823-0,210-00,Single Family Detached,SINGLE FAMILY RESIDENTIAL,Single-family,unit,8863.477,10238.879044885038,8581.43,1375.402044885037,1657.4490448850374,2016
1474,3,In,Collected,0.0,C2016146716-0,210-00,Single Family Detached,SINGLE FAMILY RESIDENTIAL,Single-family,unit,0.0,0.0,0.0,0.0,0.0,2016
1475,3,In,Collected,0.0,C2016148250-0,210-00,Single Family Detached,SINGLE FAMILY RESIDENTIAL,Single-family,unit,8863.477,10238.879044885038,8581.43,1375.402044885037,1657.4490448850374,2016
1476,3,In,Collected,0.0,C2016148261-0,210-00,Single Family Detached,SINGLE FAMILY RESIDENTIAL,Single-family,unit,8863.477,10238.879044885038,8581.43,1375.402044885037,1657.4490448850374,2016
1477,3,In,Collected,0.0,C2016148282-0,210-00,Single Family Detached,SINGLE FAMILY RESIDENTIAL,Single-family,unit,8863.477,10238.879044885038,8581.43,1375.402044885037,1657.4490448850374,2016
1478,3,In,Collected,0.0,C2016148288-0,210-00,Single Family Detached,SINGLE FAMILY RESIDENTIAL,Single-family,unit,8863.477,10238.879044885038,8581.43,1375.402044885037,1657.4490448850374,2016
1479,3,In,Collected,0.0,C2016148298-0,210-00,Single Family Detached,SINGLE FAMILY RESIDENTIAL,Single-family,unit,8863.477,10238.879044885038,8581.43,1375.402044885037,1657.4490448850374,2016
1480,3,In,Collected,0.0,C2016148810-0,210-00,Single Family Detached,SINGLE FAMILY RESIDENTIAL,Single-family,unit,8863.477,10238.879044885038,8581.43,1375.402044885037,1657.4490448850374,2016
1481,3,In,Collected,0.0,C2016148858-0,210-00,Single Family Detached,SINGLE FAMILY RESIDENTIAL,Single-family,unit,0.0,0.0,0.0,0.0,0.0,2016
1482,3,In,Collected,0.0,C2016148881-0,210-00,Single Family Detached,SINGLE FAMILY RESIDENTIAL,Single-family,unit,8863.477,10238.879044885038,8581.43,1375.402044885037,1657.4490448850374,2016
1483,3,In,Collected,0.0,C2016149106-0,150-00,Warehousing,"WAREHOUSING, DISTRIBUTION TERMINALS",Industrial/Manufacturing,sq. ft.,733317.2418572,299787.47803733946,709985.32,-433529.7638198606,-410197.8419626605,2016
1484,3,In,Collected,0.0,C2016149106-1,150-00,Warehousing,"WAREHOUSING, DISTRIBUTION TERMINALS",Industrial/Manufacturing,sq. ft.,0.0,0.0,0.0,0.0,0.0,2016
1485,3,In,Collected,0.0,C2016149132-0,150-00,Warehousing,"WAREHOUSING, DISTRIBUTION TERMINALS",Industrial/Manufacturing,sq. ft.,734318.5932082001,300196.8405601479,710954.81,-434121.7526480522,-410757.96943985217,2016
1486,3,In,Collected,0.0,C2016149132-1,150-00,Warehousing,"WAREHOUSING, DISTRIBUTION TERMINALS",Industrial/Manufacturing,sq. ft.,0.0,0.0,0.0,0.0,0.0,2016
1487,3,In,Collected,0.0,C2016151209-0,210-00,Single Family Detached,SINGLE FAMILY RESIDENTIAL,Single-family,unit,8863.477,10238.879044885038,168.26,1375.402044885037,10070.619044885038,2016
1488,3,In,Collected,0.0,C2016151220-0,210-00,Single Family Detached,SINGLE FAMILY RESIDENTIAL,Single-family,unit,8863.477,10238.879044885038,168.26,1375.402044885037,10070.619044885038,2016
1489,3,In,Collected,0.0,C2016151231-0,210-00,Single Family Detached,SINGLE FAMILY RESIDENTIAL,Single-family,unit,8863.477,10238.879044885038,168.26,1375.402044885037,10070.619044885038,2016
1490,3,In,Collected,0.0,C2016151619-0,630-00,Clinic,PROFESSIONAL BUILDING,Office,sq. ft.,320837.36664,173375.94228344026,310628.71359265683,-147461.42435655976,-137252.77130921656,2016
1491,3,In,Collected,0.0,C2016151619-0,710-00,"General Office Building [1-50,000]","OFFICE, ONE STORY",Office,sq. ft.,-111146.447776,-122759.90249391484,-107609.90359265683,-11613.454717914836,-15149.998901258004,2016
1492,3,In,Collected,0.0,C2016156024-0,820-04,"Shopping Center/General Retail [200,001-300,000]",COMMUNITY SHOPPING CENTER,Commercial/Retail,sq. ft.,45037.149255000004,59303.315186887805,43604.14000000001,14266.165931887801,15699.175186887798,2016
1493,3,In,Collected,0.0,C2016157754-0,210-00,Single Family Detached,SINGLE FAMILY RESIDENTIAL,Single-family,unit,8863.477,10238.879044885038,8581.43,1375.402044885037,1657.4490448850374,2016
1494,3,In,Collected,0.0,C2016157768-0,210-00,Single Family Detached,SINGLE FAMILY RESIDENTIAL,Single-family,unit,8863.477,10238.879044885038,8581.43,1375.402044885037,1657.4490448850374,2016
1495,3,In,Collected,0.0,C2016158772-0,150-00,Warehousing,"WAREHOUSING, DISTRIBUTION TERMINALS",Industrial/Manufacturing,sq. ft.,-1721.8984159999964,-744.6408767559114,-1667.108236851942,977.2575392440849,922.4673600960305,2016
1496,3,In,Collected,0.0,C2016158772-0,710-00,"General Office Building [1-50,000]","OFFICE, ONE STORY",Office,sq. ft.,79097.53286400001,92388.94948606481,76580.67823685192,13291.416622064804,15808.271249212892,2016
1497,3,In,Collected,0.0,C2016161442-0,210-00,Single Family Detached,SINGLE FAMILY RESIDENTIAL,Single-family,unit,8863.477,10238.879044885038,8581.43,1375.402044885037,1657.4490448850374,2016
1498,3,In,Collected,0.0,C2016166430-0,210-00,Single Family Detached,SINGLE FAMILY RESIDENTIAL,Single-family,unit,8863.477,10238.879044885038,8581.43,1375.402044885037,1657.4490448850374,2016
1499,3,In,Collected,0.0,C2016168217-0,210-00,Single Family Detached,SINGLE FAMILY RESIDENTIAL,Single-family,unit,8863.477,10238.879044885038,8581.43,1375.402044885037,1657.4490448850374,2016
1500,3,In,Collected,0.0,C2016168232-0,210-00,Single Family Detached,SINGLE FAMILY RESIDENTIAL,Single-family,unit,8863.477,10238.879044885038,8581.43,1375.402044885037,1657.4490448850374,2016
1501,3,In,Collected,0.0,C2016172801-0,210-00,Single Family Detached,SINGLE FAMILY RESIDENTIAL,Single-family,unit,8863.477,10238.879044885038,8581.43,1375.402044885037,1657.4490448850374,2016
1502,3,In,Collected,0.0,C2016178543-0,310-00,Hotel,"HOTELS, MOTELS",Commercial/Retail,room,-74347.74900000007,-81607.33679418964,-71981.94490655675,-7259.587794189574,-9625.391887632897,2016
1503,3,In,Collected,0.0,C2016178543-0,311-00,All Suites Hotel,"HOTELS, MOTELS",Commercial/Retail,room,213841.537,178985.15042234416,207036.93039943164,-34856.38657765585,-28051.779977087484,2016
1504,3,In,Collected,0.0,C2016178543-0,710-00,"General Office Building [1-50,000]","OFFICE, ONE STORY",Office,sq. ft.,-20218.9484,-22331.58309400738,-19575.565492874754,-2112.634694007378,-2756.0176011326257,2016
1505,3,In,Collected,0.0,C2016181557-0,140-00,Manufacturing,HEAVY INDUSTRIAL,Industrial/Manufacturing,sq. ft.,-5217.848118,-6255.494290052151,-5050.972702702694,-1037.646172052151,-1204.5215873494571,2016
1506,3,In,Collected,0.0,C2016181557-0,492-00,Health/Fitness,OUTDOOR RECREATIONAL,Other,sq. ft.,5616.239328000001,2818.6365264206215,5436.6227027026935,-2797.602801579379,-2617.986176282072,2016
1507,3,In,Collected,0.0,C2016187880-0,710-00,"General Office Building [1-50,000]","OFFICE, ONE STORY",Office,sq. ft.,367349.408216,405732.9625565512,355658.87,38383.5543405512,50074.092556551215,2016
1508,3,In,Collected,0.0,C2016190965-0,710-00,"General Office Building [1-50,000]","OFFICE, ONE STORY",Office,sq. ft.,-5488.00028,-6061.42969694486,-5313.37528198719,-573.4294169448594,-748.0544149576699,2016
1509,3,In,Collected,0.0,C2016190965-0,720-00,Medical Office Building,PROFESSIONAL BUILDING,Office,sq. ft.,12673.2508,5552.851358314769,12269.995281987189,-7120.399441685231,-6717.14392367242,2016
1510,3,In,Collected,0.0,C2017001635-0,150-00,Warehousing,"WAREHOUSING, DISTRIBUTION TERMINALS",Industrial/Manufacturing,sq. ft.,710843.29316,290599.9013421414,710836.87,-420243.3918178586,-420236.9686578586,2016
1511,3,In,Collected,0.0,C2017003466-0,210-00,Single Family Detached,SINGLE FAMILY RESIDENTIAL,Single-family,unit,4431.7385,5119.439522442519,4431.740000000001,687.7010224425185,687.6995224425182,2016
1512,3,In,Collected,0.0,C2017006809-0,710-00,"General Office Building [1-50,000]","OFFICE, ONE STORY",Office,sq. ft.,-10846.021606,-11979.299216856816,-10846.049061084208,-1133.277610856816,-1133.2501557726082,2016
1513,3,In,Collected,0.0,C2017006809-0,720-00,Medical Office Building,PROFESSIONAL BUILDING,Office,sq. ft.,25046.34566,10974.187816037871,25046.40906108421,-14072.157843962128,-14072.22124504634,2016
1514,3,In,Collected,0.0,C2017014210-0,210-00,Single Family Detached,SINGLE FAMILY RESIDENTIAL,Single-family,unit,0.0,0.0,0.0,0.0,0.0,2016
1515,3,In,Collected,0.0,C2017014581-0,210-00,Single Family Detached,SINGLE FAMILY RESIDENTIAL,Single-family,unit,0.0,0.0,0.0,0.0,0.0,2016
1516,3,In,Collected,0.0,C2017025750-0,820-04,"Shopping Center/General Retail [200,001-300,000]",COMMUNITY SHOPPING CENTER,Commercial/Retail,sq. ft.,156923.86500000002,206631.76023305854,156924.0,49707.895233058516,49707.760233058536,2016
1517,3,In,Collected,0.0,C2017025777-0,820-04,"Shopping Center/General Retail [200,001-300,000]",COMMUNITY SHOPPING CENTER,Commercial/Retail,sq. ft.,200566.13545500004,264098.3486623192,200566.31000000006,63532.213207319146,63532.03866231913,2016
1518,3,In,Collected,0.0,C2017031610-0,210-00,Single Family Detached,SINGLE FAMILY RESIDENTIAL,Single-family,unit,8863.477,10238.879044885038,8863.480000000001,1375.402044885037,1375.3990448850363,2016
1519,3,In,Collected,0.0,C2017031759-0,210-00,Single Family Detached,SINGLE FAMILY RESIDENTIAL,Single-family,unit,8863.477,10238.879044885038,8863.480000000001,1375.402044885037,1375.3990448850363,2016
1520,3,In,Collected,0.0,M2014012469-0,210-00,Single Family Detached,SINGLE FAMILY RESIDENTIAL,Single-family,unit,0.0,0.0,0.0,0.0,0.0,2016
1521,3,In,Collected,0.0,M2015013115-0,231-00,Duplex,MULTI-FAMILY LESS THAN 10,Multifamily,unit,38904.18,37311.16940085226,44672.16999999999,-1593.0105991477394,-7361.00059914773,2016
1522,3,In,Collected,0.0,M2015013117-0,231-00,Duplex,MULTI-FAMILY LESS THAN 10,Multifamily,unit,38904.18,37311.16940085226,44672.16999999999,-1593.0105991477394,-7361.00059914773,2016
1523,3,In,Collected,0.0,M2016001533-0,150-00,Warehousing,"WAREHOUSING, DISTRIBUTION TERMINALS",Industrial/Manufacturing,sq. ft.,-61834.60204600001,-26740.58577064534,-1128615.0,35094.01627535467,1101874.4142293546,2016
1524,3,In,Collected,0.0,M2016003075-0,150-00,Warehousing,"WAREHOUSING, DISTRIBUTION TERMINALS",Industrial/Manufacturing,sq. ft.,-16727.9112,-6838.538664084906,-14576.048972370294,9889.372535915092,7737.510308285388,2016
1525,3,In,Collected,0.0,M2016003075-0,710-00,"General Office Building [1-50,000]","OFFICE, ONE STORY",Office,sq. ft.,27728.843520000002,30626.171100352974,24161.832057950713,2897.3275803529723,6464.339042402262,2016
1526,3,In,Collected,0.0,M2016003075-0,820-00,"Shopping Center/General Retail [1-10,000]","STORES, ONE STORY",Commercial/Retail,sq. ft.,20078.55955,21575.372533582933,17495.673177381126,1496.8129835829313,4079.699356201807,2016
1527,3,In,Collected,0.0,M2016003075-0,932-01,High turnover Rest/Seats,"RESTAURANTS, CAFETERIAS",Commercial/Retail,seats,35270.76,12548.831237934097,30733.56373703845,-22721.928762065905,-18184.732499104353,2016
1528,3,In,Collected,0.0,M2016003969-0,150-00,Warehousing,"WAREHOUSING, DISTRIBUTION TERMINALS",Industrial/Manufacturing,sq. ft.,-3675.493822,-1502.5789120253223,-3202.6751446685876,2172.9149099746774,1700.0962326432652,2016
1529,3,In,Collected,0.0,M2016003969-0,820-00,"Shopping Center/General Retail [1-10,000]","STORES, ONE STORY",Commercial/Retail,sq. ft.,13810.557047000002,14840.104064403566,12033.95514466859,1029.5470174035636,2806.1489197349765,2016
1530,3,In,Collected,0.0,M2016004272-0,710-00,"General Office Building [1-50,000]","OFFICE, ONE STORY",Office,sq. ft.,42214.275838,46625.15527413112,36783.91,4410.879436131116,9841.245274131114,2016
1531,3,In,Collected,0.0,M2016004867-0,222-00,High-Rise Apart or Condo over 3 floors,MULTI-FAMILY 10 OR MORE,Multifamily,unit,1563035.25,2051300.8467837747,1513297.5,488265.5967837747,538003.3467837747,2016
1532,3,In,Collected,0.0,M2016004994-0,150-00,Warehousing,"WAREHOUSING, DISTRIBUTION TERMINALS",Industrial/Manufacturing,sq. ft.,-22954.41148,-9383.994722383177,-22224.51726072605,13570.416757616822,12840.522538342873,2016
1533,3,In,Collected,0.0,M2016004994-0,560-00,Church/Synagogue,"CHURCHES, TEMPLES",Other,sq. ft.,27376.017760000002,16342.22238704285,26505.52726072605,-11033.795372957153,-10163.304873683199,2016
1534,3,In,Collected,0.0,M2016005226-0,610-00,Hospital,HOSPITALS,Other,sq. ft.,238525.07238000003,178217.03381961412,230935.66999999998,-60308.0385603859,-52718.63618038586,2016
1535,3,In,Collected,0.0,M2016005435-0,210-00,Single Family Detached,SINGLE FAMILY RESIDENTIAL,Single-family,unit,8380.498000000001,10238.879044885038,8113.82,1858.3810448850363,2125.059044885038,2016
1536,3,In,Collected,0.0,M2016005552-0,820-04,"Shopping Center/General Retail [200,001-300,000]",COMMUNITY SHOPPING CENTER,Commercial/Retail,sq. ft.,3962344.065708,5518032.279770417,3836266.9,1555688.214062417,1681765.3797704172,2016
1537,3,In,Collected,0.0,M2016005791-0,210-00,Single Family Detached,SINGLE FAMILY RESIDENTIAL,Single-family,unit,0.0,0.0,0.0,0.0,0.0,2016
1538,3,In,Collected,0.0,M2016005805-0,210-00,Single Family Detached,SINGLE FAMILY RESIDENTIAL,Single-family,unit,6381.70344,7371.992912317227,6178.629999999999,990.2894723172267,1193.3629123172277,2016
1539,3,In,Collected,0.0,M2016006430-0,150-00,Warehousing,"WAREHOUSING, DISTRIBUTION TERMINALS",Industrial/Manufacturing,sq. ft.,677694.1491319999,277048.1972228131,656131.98,-400645.95190918684,-379083.7827771869,2016
1540,3,In,Collected,0.0,M2016006867-0,710-00,"General Office Building [1-50,000]","OFFICE, ONE STORY",Office,sq. ft.,-44383.111500000006,-51841.17503965998,-42970.73152842036,-7458.0635396599755,-8870.443511239624,2016
1541,3,In,Collected,0.0,M2016006867-0,720-00,Medical Office Building,PROFESSIONAL BUILDING,Office,sq. ft.,102485.33750000001,47491.49188032368,99224.00152842035,-54993.84561967633,-51732.509648096675,2016
1542,3,In,Collected,0.0,M2016006944-0,222-00,High-Rise Apart or Condo over 3 floors,MULTI-FAMILY 10 OR MORE,Multifamily,unit,220663.8,289595.4136635917,213642.0112567177,68931.61366359174,75953.40240687403,2016
1543,3,In,Collected,0.0,M2016006944-0,230-00,"Condominium,Townhouse",CONDOMINIUM,Single-family,unit,-10262.196,-12711.828644708969,-9935.640523505186,-2449.6326447089687,-2776.1881212037824,2016
1544,3,In,Collected,0.0,M2016006944-0,820-00,"Shopping Center/General Retail [1-10,000]","STORES, ONE STORY",Commercial/Retail,sq. ft.,-23194.342744999998,-26359.476877986108,-22456.27073321251,-3165.1341329861098,-3903.2061447735978,2016
1545,3,In,Collected,0.0,M2016007036-0,210-00,Single Family Detached,SINGLE FAMILY RESIDENTIAL,Single-family,unit,-16760.996000000003,-20477.758089770075,-16227.651841262365,-3716.7620897700726,-4250.106248507711,2016
1546,3,In,Collected,0.0,M2016007036-0,230-00,"Condominium,Townhouse",CONDOMINIUM,Single-family,unit,-10262.196,-12711.828644708969,-9935.647250008009,-2449.6326447089687,-2776.1813947009596,2016
1547,3,In,Collected,0.0,M2016007036-0,710-02,"General Office Building [100,001-150,000]",PROFESSIONAL BUILDING,Office,sq. ft.,428052.77891600004,655300.7922833193,414431.9028495502,227248.01336731925,240868.8894337691,2016
1548,3,In,Collected,0.0,M2016007036-0,720-00,Medical Office Building,PROFESSIONAL BUILDING,Office,sq. ft.,2039332.0804500002,945022.2373515116,1974439.4062417203,-1094309.8430984886,-1029417.1688902087,2016
1549,3,In,Collected,0.0,M2016007036-1,710-02,"General Office Building [100,001-150,000]",PROFESSIONAL BUILDING,Office,sq. ft.,0.0,0.0,0.0,0.0,0.0,2016
1550,3,In,Collected,0.0,M2016007036-1,720-00,Medical Office Building,PROFESSIONAL BUILDING,Office,sq. ft.,0.0,0.0,0.0,0.0,0.0,2016
1551,3,In,Collected,0.0,M2016007078-0,150-00,Warehousing,"WAREHOUSING, DISTRIBUTION TERMINALS",Industrial/Manufacturing,sq. ft.,26742.136624000002,11564.728718596918,25891.098897529224,-15177.407905403084,-14326.370178932306,2016
1552,3,In,Collected,0.0,M2016007078-0,710-00,"General Office Building [1-50,000]","OFFICE, ONE STORY",Office,sq. ft.,12454.583904000003,14547.431272667664,12058.231102470778,2092.8473686676607,2489.2001701968857,2016
1553,3,In,Collected,0.0,M2016007303-0,150-00,Warehousing,"WAREHOUSING, DISTRIBUTION TERMINALS",Industrial/Manufacturing,sq. ft.,2708.992286,1107.4633447670833,2622.7999999999997,-1601.5289412329168,-1515.3366552329164,2016
1554,3,In,Collected,0.0,M2016007368-0,710-00,"General Office Building [1-50,000]","OFFICE, ONE STORY",Office,sq. ft.,11853.704856000002,13845.581518284574,11476.582036350712,1991.8766622845724,2368.9994819338626,2016
1555,3,In,Collected,0.0,M2016007368-0,720-00,Medical Office Building,PROFESSIONAL BUILDING,Office,sq. ft.,43737.588650000005,20267.907457848905,42346.08759976087,-23469.6811921511,-22078.180141911962,2016
1556,3,In,Collected,0.0,M2016007368-0,912-00,Bank (Drive-in),"RESTAURANTS, CAFETERIAS",Commercial/Retail,sq. ft.,-42576.232412000005,-23003.517634821823,-41221.67963611158,19572.714777178182,18218.162001289755,2016
1557,3,In,Collected,0.0,M2016007442-0,210-00,Single Family Detached,SINGLE FAMILY RESIDENTIAL,Single-family,unit,0.0,0.0,0.0,0.0,0.0,2016
1558,3,In,Collected,0.0,M2016008546-0,210-00,Single Family Detached,SINGLE FAMILY RESIDENTIAL,Single-family,unit,7977.1293000000005,9214.991140396534,7723.289999999999,1237.8618403965338,1491.7011403965353,2016
1559,3,In,Collected,0.0,M2016008547-0,210-00,Single Family Detached,SINGLE FAMILY RESIDENTIAL,Single-family,unit,7977.1293000000005,9214.991140396534,7723.289999999999,1237.8618403965338,1491.7011403965353,2016
1560,3,In,Collected,0.0,M2016008549-0,210-00,Single Family Detached,SINGLE FAMILY RESIDENTIAL,Single-family,unit,7977.1293000000005,9214.991140396534,7723.289999999999,1237.8618403965338,1491.7011403965353,2016
1561,3,In,Collected,0.0,M2016008776-0,150-00,Warehousing,"WAREHOUSING, DISTRIBUTION TERMINALS",Industrial/Manufacturing,sq. ft.,111454.355012,45563.663443539044,107908.22,-65890.69156846096,-62344.55655646096,2016
1562,3,In,Collected,0.0,M2016008777-0,150-00,Warehousing,"WAREHOUSING, DISTRIBUTION TERMINALS",Industrial/Manufacturing,sq. ft.,44231.385197999996,18082.235984284507,42824.12841243303,-26149.14921371549,-24741.89242814852,2016
1563,3,In,Collected,0.0,M2016008777-0,210-00,Single Family Detached,SINGLE FAMILY RESIDENTIAL,Single-family,unit,-8863.477,-10238.879044885038,-8581.478412433025,-1375.402044885037,-1657.4006324520124,2016
1564,3,In,Collected,0.0,M2016008778-0,150-00,Warehousing,"WAREHOUSING, DISTRIBUTION TERMINALS",Industrial/Manufacturing,sq. ft.,111454.355012,45563.663443539044,107908.22,-65890.69156846096,-62344.55655646096,2016
1565,3,In,Collected,0.0,M2016008779-0,710-01,"General Office Building [50,001 -100,000]","OFFICE, ONE STORY",Office,sq. ft.,201699.20862,252808.53709846362,195280.88780038408,51109.328478463634,57527.649298079545,2016
1566,3,In,Collected,0.0,M2016008779-0,820-01,"Shopping Center/General Retail [10,001 -50,000]","STORES, ONE STORY",Commercial/Retail,sq. ft.,221787.79700000002,170236.21850116464,214730.2321996159,-51551.578498835384,-44494.01369845125,2016
1567,3,In,Collected,0.0,M2016008895-0,820-00,"Shopping Center/General Retail [1-10,000]","STORES, ONE STORY",Commercial/Retail,sq. ft.,13692.091012600002,15560.533895090164,13256.380000000001,1868.4428824901624,2304.153895090163,2016
1568,3,In,Collected,0.0,M2016009042-0,253-00,Congregate Care Facility,"SANITARIUM, CONVALESCENT & REST HOME",Other,unit,253865.28300000002,308923.4671148471,245786.97,55058.18411484707,63136.497114847094,2016
1569,3,In,Collected,0.0,M2016009608-0,150-00,Warehousing,"WAREHOUSING, DISTRIBUTION TERMINALS",Industrial/Manufacturing,sq. ft.,-3582.560982,-1464.587030558184,-3468.5408986730995,2117.973951441816,2003.9538681149154,2016
1570,3,In,Collected,0.0,M2016009608-0,710-00,"General Office Building [1-50,000]","OFFICE, ONE STORY",Office,sq. ft.,11134.863726000001,12298.321832485492,10780.480898673099,1163.4581064854901,1517.840933812393,2016
1571,3,In,Collected,0.0,M2016009645-0,210-00,Single Family Detached,SINGLE FAMILY RESIDENTIAL,Single-family,unit,0.0,0.0,0.0,0.0,0.0,2016
1572,3,In,Collected,0.0,M2016010135-0,710-00,"General Office Building [1-50,000]","OFFICE, ONE STORY",Office,sq. ft.,11469.961645800002,13397.354743326283,11104.99,1927.393097526281,2292.364743326283,2016
1573,3,In,Collected,0.0,M2016010258-0,560-00,Church/Synagogue,"CHURCHES, TEMPLES",Other,sq. ft.,5486.28696,3275.0607617757937,5311.75,-2211.2261982242067,-2036.6892382242063,2016
1574,3,In,Collected,0.0,M2016010313-0,210-00,Single Family Detached,SINGLE FAMILY RESIDENTIAL,Single-family,unit,4431.7385,5119.439522442519,4290.71,687.7010224425185,828.7295224425188,2016
1575,3,In,Collected,0.0,M2016010369-0,710-00,"General Office Building [1-50,000]","OFFICE, ONE STORY",Office,sq. ft.,-13656.342000000002,-15951.130781433842,-13221.76472240582,-2294.788781433839,-2729.3660590280215,2016
1576,3,In,Collected,0.0,M2016010369-0,720-00,Medical Office Building,PROFESSIONAL BUILDING,Office,sq. ft.,31533.950000000004,14612.766732407286,30530.464722405824,-16921.183267592718,-15917.697989998538,2016
1577,3,In,Collected,0.0,M2016011493-0,210-00,Single Family Detached,SINGLE FAMILY RESIDENTIAL,Single-family,unit,5938.52959,6860.048960072975,5749.5599999999995,921.5193700729751,1110.4889600729757,2016
1578,3,In,Collected,0.0,M2016011855-0,150-00,Warehousing,"WAREHOUSING, DISTRIBUTION TERMINALS",Industrial/Manufacturing,sq. ft.,-13442.735306,-5495.525654221565,-13015.25118811881,7947.209651778436,7519.7255338972445,2016
1579,3,In,Collected,0.0,M2016011855-0,560-00,Church/Synagogue,"CHURCHES, TEMPLES",Other,sq. ft.,16032.149672000001,9570.455337189263,15522.321188118809,-6461.694334810738,-5951.865850929546,2016
1580,3,In,Collected,0.0,M2016011855-0,710-00,"General Office Building [1-50,000]","OFFICE, ONE STORY",Office,sq. ft.,0.0,0.0,0.0,0.0,0.0,2016
1581,3,In,Collected,0.0,M2016011961-0,210-00,Single Family Detached,SINGLE FAMILY RESIDENTIAL,Single-family,unit,5938.52959,6860.048960072975,5749.5599999999995,921.5193700729751,1110.4889600729757,2016
1582,3,In,Collected,0.0,M2016011965-0,210-00,Single Family Detached,SINGLE FAMILY RESIDENTIAL,Single-family,unit,5938.52959,6860.048960072975,5749.5599999999995,921.5193700729751,1110.4889600729757,2016
1583,3,In,Collected,0.0,M2016012049-0,710-00,"General Office Building [1-50,000]","OFFICE, ONE STORY",Office,sq. ft.,17835.182652000003,20832.176800552596,17267.690000000002,2996.9941485525924,3564.486800552593,2016
1584,3,In,Collected,0.0,M2016012195-0,820-00,"Shopping Center/General Retail [1-10,000]","STORES, ONE STORY",Commercial/Retail,sq. ft.,-13094.71275,-14070.895130597566,-12678.052349574333,-976.1823805975655,-1392.8427810232333,2016
1585,3,In,Collected,0.0,M2016012195-0,932-00,High Turnover Rest.,DRIVE-IN RESTAURANTS,Commercial/Retail,sq. ft.,36125.94300000001,10066.704006517783,34976.452349574334,-26059.238993482224,-24909.74834305655,2016
1586,3,In,Collected,0.0,M2016012439-0,210-00,Single Family Detached,SINGLE FAMILY RESIDENTIAL,Single-family,unit,4431.7385,5119.439522442519,4290.71,687.7010224425185,828.7295224425188,2016
1587,3,In,Collected,0.0,M2016012697-0,210-00,Single Family Detached,SINGLE FAMILY RESIDENTIAL,Single-family,unit,0.0,0.0,0.0,0.0,0.0,2016
1588,3,In,Collected,0.0,M2016013539-0,210-00,Single Family Detached,SINGLE FAMILY RESIDENTIAL,Single-family,unit,7977.1293000000005,9214.991140396534,7723.289999999999,1237.8618403965338,1491.7011403965353,2016
1589,3,In,Collected,0.0,M2016013757-0,150-00,Warehousing,"WAREHOUSING, DISTRIBUTION TERMINALS",Industrial/Manufacturing,sq. ft.,-1909.7698619999999,-780.7331641496934,-1848.9865500603134,1129.0366978503066,1068.2533859106202,2016
1590,3,In,Collected,0.0,M2016013757-0,710-00,"General Office Building [1-50,000]","OFFICE, ONE STORY",Office,sq. ft.,5935.7055660000005,6555.914751169309,5746.786550060314,620.2091851693085,809.1282011089952,2016
1591,3,In,Collected,0.0,M2016013908-0,210-00,Single Family Detached,SINGLE FAMILY RESIDENTIAL,Single-family,unit,8863.477,10238.879044885038,8581.43,1375.402044885037,1657.4490448850374,2016
1592,3,In,Collected,0.0,M2016014254-0,210-00,Single Family Detached,SINGLE FAMILY RESIDENTIAL,Single-family,unit,-8863.477,-10238.879044885038,-8581.43,-1375.402044885037,-1657.4490448850374,2016
1593,3,In,Collected,0.0,M2016014254-0,230-00,"Condominium,Townhouse",CONDOMINIUM,Single-family,unit,10852.996000000001,12711.828644708969,10507.64,1858.8326447089676,2204.188644708969,2016
1594,3,In,Collected,0.0,M2016014370-0,150-00,Warehousing,"WAREHOUSING, DISTRIBUTION TERMINALS",Industrial/Manufacturing,sq. ft.,-47247.055856,-19315.072537893146,-45737.113032886686,27931.983318106853,26422.04049499354,2016
1595,3,In,Collected,0.0,M2016014370-0,540-00,Jr./Community College (25 SF/St),COLLEGES,Other,student,48741.0,28417.42405593487,47183.31303288669,-20323.57594406513,-18765.88897695182,2016
1596,3,In,Collected,0.0,M2016014485-0,210-00,Single Family Detached,SINGLE FAMILY RESIDENTIAL,Single-family,unit,-4431.7385,-5119.439522442519,-4290.711549166187,-687.7010224425185,-828.7279732763318,2016
1597,3,In,Collected,0.0,M2016014485-0,230-00,"Condominium,Townhouse",CONDOMINIUM,Single-family,unit,10852.996000000001,12711.828644708969,10507.631549166188,1858.8326447089676,2204.1970955427805,2016
1598,3,In,Collected,0.0,M2016014565-0,912-00,Bank (Drive-in),"RESTAURANTS, CAFETERIAS",Commercial/Retail,sq. ft.,59634.07409960001,30464.7002017042,57736.83523262966,-29169.37389789581,-27272.13503092546,2016
1599,3,In,Collected,0.0,M2016014565-0,944-00,Service Stations w/ Gasoline,SERVICE STATIONS,Commercial/Retail,fuel station,-44859.444,-77960.6168507634,-43432.25523262966,-33101.172850763396,-34528.36161813374,2016
1600,3,In,Collected,0.0,M2016014628-0,911-00,Bank (Walk-in),"RESTAURANTS, CAFETERIAS",Commercial/Retail,sq. ft.,24092.499060000006,2351.182905455261,23325.89,-21741.316154544744,-20974.707094544738,2016
1601,3,In,Collected,0.0,M2016015271-0,210-00,Single Family Detached,SINGLE FAMILY RESIDENTIAL,Single-family,unit,0.0,0.0,0.0,0.0,0.0,2016
1602,3,In,Collected,0.0,M2016015272-0,210-00,Single Family Detached,SINGLE FAMILY RESIDENTIAL,Single-family,unit,4431.7385,5119.439522442519,4290.71,687.7010224425185,828.7295224425188,2016
1603,3,In,Collected,0.0,M2016015884-0,210-00,Single Family Detached,SINGLE FAMILY RESIDENTIAL,Single-family,unit,7977.1293000000005,9214.991140396534,7723.289999999999,1237.8618403965338,1491.7011403965353,2016
1604,3,In,Collected,0.0,M2016015888-0,210-00,Single Family Detached,SINGLE FAMILY RESIDENTIAL,Single-family,unit,7977.1293000000005,9214.991140396534,7723.289999999999,1237.8618403965338,1491.7011403965353,2016
1605,3,In,Collected,0.0,M2016015892-0,210-00,Single Family Detached,SINGLE FAMILY RESIDENTIAL,Single-family,unit,7977.1293000000005,9214.991140396534,7723.289999999999,1237.8618403965338,1491.7011403965353,2016
1606,3,In,Collected,0.0,M2016016170-0,710-00,"General Office Building [1-50,000]","OFFICE, ONE STORY",Office,sq. ft.,-1966.5132480000002,-2296.962832526473,-1903.9319811632515,-330.4495845264728,-393.0308513632215,2016
1607,3,In,Collected,0.0,M2016016170-0,720-00,Medical Office Building,PROFESSIONAL BUILDING,Office,sq. ft.,4540.888800000001,2104.238409466649,4396.381981163251,-2436.6503905333516,-2292.143571696602,2016
1608,3,In,Collected,0.0,M2016016744-0,820-00,"Shopping Center/General Retail [1-10,000]","STORES, ONE STORY",Commercial/Retail,sq. ft.,55975.532102000005,60148.386384927726,33280.200000000004,4172.854282927721,26868.18638492772,2016
1609,3,In,Collected,0.0,M2016016744-1,820-00,"Shopping Center/General Retail [1-10,000]","STORES, ONE STORY",Commercial/Retail,sq. ft.,-27167.164052000004,-29192.417097613084,-26302.73419989419,-2025.2530456130808,-2889.682897718896,2016
1610,3,In,Collected,0.0,M2016016744-1,932-00,High Turnover Rest.,DRIVE-IN RESTAURANTS,Commercial/Retail,sq. ft.,74949.28974400001,20885.055245522228,72564.48419989418,-54064.23449847778,-51679.42895437196,2016
1611,3,In,Collected,0.0,M2016017502-0,210-00,Single Family Detached,SINGLE FAMILY RESIDENTIAL,Single-family,unit,7977.1293000000005,9214.991140396534,7723.289999999999,1237.8618403965338,1491.7011403965353,2016
1612,3,In,Collected,0.0,M2016017503-0,210-00,Single Family Detached,SINGLE FAMILY RESIDENTIAL,Single-family,unit,7977.1293000000005,9214.991140396534,7723.289999999999,1237.8618403965338,1491.7011403965353,2016
1613,3,In,Collected,0.0,M2016017506-0,210-00,Single Family Detached,SINGLE FAMILY RESIDENTIAL,Single-family,unit,8863.477,10238.879044885038,8581.43,1375.402044885037,1657.4490448850374,2016
1614,3,In,Collected,0.0,M2016017618-0,710-00,"General Office Building [1-50,000]","OFFICE, ONE STORY",Office,sq. ft.,-43326.318,-47853.39234430152,-41954.67628865948,-4527.0743443015235,-5898.716055642042,2016
1615,3,In,Collected,0.0,M2016017618-0,911-00,Bank (Walk-in),"RESTAURANTS, CAFETERIAS",Commercial/Retail,sq. ft.,44615.73900000001,4354.042417509742,43203.27628865949,-40261.696582490265,-38849.23387114974,2016
1616,3,In,Collected,0.0,M2016017655-0,210-00,Single Family Detached,SINGLE FAMILY RESIDENTIAL,Single-family,unit,8863.477,10238.879044885038,8581.43,1375.402044885037,1657.4490448850374,2016
1617,3,In,Collected,0.0,M2017000009-0,210-00,Single Family Detached,SINGLE FAMILY RESIDENTIAL,Single-family,unit,0.0,0.0,0.0,0.0,0.0,2016
1618,3,In,Collected,0.0,M2017000305-0,210-00,Single Family Detached,SINGLE FAMILY RESIDENTIAL,Single-family,unit,8863.477,10238.879044885038,8863.480000000001,1375.402044885037,1375.3990448850363,2016
1619,3,In,Collected,0.0,M2017001482-0,710-00,"General Office Building [1-50,000]","OFFICE, ONE STORY",Office,sq. ft.,-4779.719700000001,-5582.895773501845,-4779.748116325181,-803.1760735018443,-803.1476571766634,2016
1620,3,In,Collected,0.0,M2017001482-0,720-00,Medical Office Building,PROFESSIONAL BUILDING,Office,sq. ft.,11036.882500000002,5114.46835634255,11036.94811632518,-5922.414143657452,-5922.479759982631,2016
1621,3,In,Collected,0.0,M2017002445-0,820-04,"Shopping Center/General Retail [200,001-300,000]",COMMUNITY SHOPPING CENTER,Commercial/Retail,sq. ft.,4355821.967266001,6065996.748824018,380957.9,1710174.7815580172,5685038.848824018,2016
1622,3,In,Collected,0.0,M2017002867-0,210-00,Single Family Detached,SINGLE FAMILY RESIDENTIAL,Single-family,unit,0.0,0.0,0.0,0.0,0.0,2016
1623,3,Out,Assessed,0.0,C2013069263-0,210-00,Single Family Detached,SINGLE FAMILY RESIDENTIAL,Single-family,unit,8863.477,9958.276875485148,3924.6499999999996,1094.799875485147,6033.626875485148,2016
1624,3,Out,Assessed,0.0,C2014093708-6,813-00,Discount Superestore (Free standing),"WHOLESALE, PRODUCE, MFG",Commercial/Retail,sq. ft.,19.124196,25.092025773736438,15.006787172011661,5.967829773736437,10.085238601724777,2016
1625,3,Out,Assessed,0.0,C2014093708-6,816-00,Hardware/Paint Store/Pool Suply,"STORES, ONE STORY",Commercial/Retail,sq. ft.,13.805519,4.523493403786017,10.833212827988337,-9.282025596213984,-6.30971942420232,2016
1626,3,Out,Assessed,0.0,C2014104744-1,150-00,Warehousing,"WAREHOUSING, DISTRIBUTION TERMINALS",Industrial/Manufacturing,sq. ft.,3303.2336960000002,1380.8016828996656,2417.15,-1922.4320131003346,-1036.3483171003345,2016
1627,3,Out,Assessed,0.0,C2014147688-0,710-00,"General Office Building [1-50,000]","OFFICE, ONE STORY",Office,sq. ft.,98325.66240000002,111013.71425717312,76090.32,12688.051857173108,34923.39425717312,2016
1628,3,Out,Assessed,0.0,C2015016262-5,220-00,Apartment (Rentals),MULTI-FAMILY 10 OR MORE,Multifamily,unit,0.0,0.0,0.0,0.0,0.0,2016
1629,3,Out,Assessed,0.0,C2015016263-5,220-00,Apartment (Rentals),MULTI-FAMILY 10 OR MORE,Multifamily,unit,37344.468,46331.30512407921,27326.95,8986.837124079211,19004.35512407921,2016
1630,3,Out,Assessed,0.0,C2015016271-5,220-00,Apartment (Rentals),MULTI-FAMILY 10 OR MORE,Multifamily,unit,37344.468,46331.30512407921,27326.95,8986.837124079211,19004.35512407921,2016
1631,3,Out,Assessed,0.0,C2015016271-7,220-00,Apartment (Rentals),MULTI-FAMILY 10 OR MORE,Multifamily,unit,37344.468,46331.30512407921,22203.14,8986.837124079211,24128.165124079213,2016
1632,3,Out,Assessed,0.0,C2015016272-5,220-00,Apartment (Rentals),MULTI-FAMILY 10 OR MORE,Multifamily,unit,112033.40400000001,138993.91537223762,81980.84,26960.51137223761,57013.075372237625,2016
1633,3,Out,Assessed,0.0,C2015016272-7,220-00,Apartment (Rentals),MULTI-FAMILY 10 OR MORE,Multifamily,unit,112033.40400000001,138993.91537223762,66609.43000000001,26960.51137223761,72384.48537223761,2016
1634,3,Out,Assessed,0.0,C2015016274-5,220-00,Apartment (Rentals),MULTI-FAMILY 10 OR MORE,Multifamily,unit,37344.468,46331.30512407921,27326.95,8986.837124079211,19004.35512407921,2016
1635,3,Out,Assessed,0.0,C2015016276-5,220-00,Apartment (Rentals),MULTI-FAMILY 10 OR MORE,Multifamily,unit,112033.40400000001,138993.91537223762,81980.84,26960.51137223761,57013.075372237625,2016
1636,3,Out,Assessed,0.0,C2015018034-0,150-00,Warehousing,"WAREHOUSING, DISTRIBUTION TERMINALS",Industrial/Manufacturing,sq. ft.,7137.242112,2820.3608842205936,5222.716141863016,-4316.881227779406,-2402.355257642422,2016
1637,3,Out,Assessed,0.0,C2015018034-0,710-00,"General Office Building [1-50,000]","OFFICE, ONE STORY",Office,sq. ft.,12752.379598,13614.598567928315,9331.623858136983,862.2189699283153,4282.974709791331,2016
1638,3,Out,Assessed,0.0,C2015020614-0,150-00,Warehousing,"WAREHOUSING, DISTRIBUTION TERMINALS",Industrial/Manufacturing,sq. ft.,58017.972012,22926.44921899631,42454.899999999994,-35091.52279300369,-19528.450781003685,2016
1639,3,Out,Assessed,0.0,C2015047355-0,944-00,Service Stations w/ Gasoline,SERVICE STATIONS,Commercial/Retail,fuel station,67289.166,113036.62627658804,49239.090000000004,45747.46027658804,63797.536276588035,2016
1640,3,Out,Assessed,0.0,C2015072614-0,710-00,"General Office Building [1-50,000]","OFFICE, ONE STORY",Office,sq. ft.,9430.695218,10068.327140268619,6900.970000000001,637.6319222686179,3167.3571402686175,2016
1641,3,Out,Assessed,0.0,C2015115675-0,230-00,"Condominium,Townhouse",CONDOMINIUM,Single-family,unit,10262.196,12363.453917445546,8448.07,2101.257917445546,3915.383917445546,2016
1642,3,Out,Assessed,0.0,C2015116538-0,210-00,Single Family Detached,SINGLE FAMILY RESIDENTIAL,Single-family,unit,8863.477,9958.276875485148,7296.62,1094.799875485147,2661.656875485148,2016
1643,3,Out,Assessed,0.0,C2015125408-0,210-00,Single Family Detached,SINGLE FAMILY RESIDENTIAL,Single-family,unit,0.0,0.0,0.0,0.0,0.0,2016
1644,3,Out,Assessed,0.0,C2015140084-0,150-00,Warehousing,"WAREHOUSING, DISTRIBUTION TERMINALS",Industrial/Manufacturing,sq. ft.,-5041.60657,-1992.2471089709272,-8736.099999999999,3049.359461029073,6743.8528910290715,2016
1645,3,Out,Assessed,0.0,C2015166403-0,230-00,"Condominium,Townhouse",CONDOMINIUM,Single-family,unit,10262.196,12363.453917445546,8448.07,2101.257917445546,3915.383917445546,2016
1646,3,Out,Assessed,0.0,C2016018604-0,565-00,Day Care Center,PRIVATE SCHOOLS & COLLEGES,Other,sq. ft.,0.0,0.0,0.0,0.0,0.0,2016
1647,3,Out,Assessed,0.0,C2016031985-0,210-00,Single Family Detached,SINGLE FAMILY RESIDENTIAL,Single-family,unit,-8863.477,-9958.276875485148,-7723.291455085374,-1094.799875485147,-2234.985420399774,2016
1648,3,Out,Assessed,0.0,C2016031985-0,230-00,"Condominium,Townhouse",CONDOMINIUM,Single-family,unit,10852.996000000001,12363.453917445546,9456.881455085373,1510.4579174455448,2906.5724623601727,2016
1649,3,Out,Assessed,0.0,C2016040386-0,710-00,"General Office Building [1-50,000]","OFFICE, ONE STORY",Office,sq. ft.,-12275.7901,-13105.785710916272,-10696.452373959863,-829.9956109162722,-2409.3333369564098,2016
1650,3,Out,Assessed,0.0,C2016040386-0,820-00,"Shopping Center/General Retail [1-10,000]","STORES, ONE STORY",Commercial/Retail,sq. ft.,14840.67445,15414.592555158464,12931.352373959862,573.9181051584637,2483.240181198602,2016
1651,3,Out,Assessed,0.0,C2016046083-0,220-00,Apartment (Rentals),MULTI-FAMILY 10 OR MORE,Multifamily,unit,23537.472,30887.53674938614,24559.0658523351,7350.06474938614,6328.47089705104,2016
1652,3,Out,Assessed,0.0,C2016046083-0,820-00,"Shopping Center/General Retail [1-10,000]","STORES, ONE STORY",Commercial/Retail,sq. ft.,-23537.22281533,-25856.07485572739,-24558.8058523351,-2318.8520403973926,-1297.2690033922918,2016
1653,3,Out,Assessed,0.0,C2016049453-0,150-00,Warehousing,"WAREHOUSING, DISTRIBUTION TERMINALS",Industrial/Manufacturing,sq. ft.,-12197.43525,-4819.952682994179,-11809.596006600663,7377.482567005822,6989.643323606484,2016
1654,3,Out,Assessed,0.0,C2016049453-0,560-00,Church/Synagogue,"CHURCHES, TEMPLES",Other,sq. ft.,14546.973,8393.945326144692,14084.426006600663,-6153.0276738553075,-5690.48068045597,2016
1655,3,Out,Assessed,0.0,C2016066687-0,220-00,Apartment (Rentals),MULTI-FAMILY 10 OR MORE,Multifamily,unit,24896.312,30887.53674938614,24104.08,5991.22474938614,6783.45674938614,2016
1656,3,Out,Assessed,0.0,C2016071650-0,565-00,Day Care Center,PRIVATE SCHOOLS & COLLEGES,Other,sq. ft.,0.0,0.0,0.0,0.0,0.0,2016
1657,3,Out,Assessed,0.0,C2016080213-0,210-00,Single Family Detached,SINGLE FAMILY RESIDENTIAL,Single-family,unit,8380.498000000001,9958.276875485148,8113.82,1577.7788754851463,1844.456875485148,2016
1658,3,Out,Assessed,0.0,C2016084716-0,210-00,Single Family Detached,SINGLE FAMILY RESIDENTIAL,Single-family,unit,8863.477,9958.276875485148,8581.43,1094.799875485147,1376.8468754851474,2016
1659,3,Out,Assessed,0.0,C2016084720-0,210-00,Single Family Detached,SINGLE FAMILY RESIDENTIAL,Single-family,unit,8863.477,9958.276875485148,8581.43,1094.799875485147,1376.8468754851474,2016
1660,3,Out,Assessed,0.0,C2016092972-0,210-00,Single Family Detached,SINGLE FAMILY RESIDENTIAL,Single-family,unit,7445.320680000001,8364.952575407524,7208.4000000000015,919.6318954075232,1156.5525754075225,2016
1661,3,Out,Assessed,0.0,C2016101970-0,710-00,"General Office Building [1-50,000]","OFFICE, ONE STORY",Office,sq. ft.,-50342.29309480001,-53746.05627189641,0.0,-3403.7631770964,-53746.05627189641,2016
1662,3,Out,Assessed,0.0,C2016101970-0,820-00,"Shopping Center/General Retail [1-10,000]","STORES, ONE STORY",Commercial/Retail,sq. ft.,-116752.45887900001,-121267.50637217017,0.0,-4515.047493170161,-121267.50637217017,2016
1663,3,Out,Assessed,0.0,C2016101970-0,881-00,Pharmacy/Drugstore w/ Drive-Thru,"STORES, ONE STORY",Commercial/Retail,sq. ft.,167093.73373,189549.74292905477,0.0,22456.009199054766,189549.74292905477,2016
1664,3,Out,Assessed,0.0,C2016105646-0,210-00,Single Family Detached,SINGLE FAMILY RESIDENTIAL,Single-family,unit,8863.477,9958.276875485148,8581.43,1094.799875485147,1376.8468754851474,2016
1665,3,Out,Assessed,0.0,C2016106954-0,210-00,Single Family Detached,SINGLE FAMILY RESIDENTIAL,Single-family,unit,0.0,0.0,0.0,0.0,0.0,2016
1666,3,Out,Assessed,0.0,C2016130544-0,230-00,"Condominium,Townhouse",CONDOMINIUM,Single-family,unit,10262.196,12363.453917445546,9935.64,2101.257917445546,2427.8139174455464,2016
1667,3,Out,Assessed,0.0,C2016139884-0,710-00,"General Office Building [1-50,000]","OFFICE, ONE STORY",Office,sq. ft.,7416.021431,7917.436426535889,7180.009999999999,501.4149955358889,737.4264265358897,2016
1668,3,Out,Assessed,0.0,C2016148633-0,151-00,Mini-Warehouse,"WAREHOUSING, DISTRIBUTION TERMINALS",Industrial/Manufacturing,sq. ft.,0.0,0.0,0.0,0.0,0.0,2016
1669,3,Out,Assessed,0.0,C2016164960-0,560-00,Church/Synagogue,"CHURCHES, TEMPLES",Other,sq. ft.,21249.055464,12969.84466394014,0.0,-8279.21080005986,12969.84466394014,2016
1670,3,Out,Assessed,0.0,C2016164960-0,565-00,Day Care Center,PRIVATE SCHOOLS & COLLEGES,Other,sq. ft.,-21248.971171610003,-149897.28263696737,0.0,-128648.31146535737,-149897.28263696737,2016
1671,3,Out,Assessed,0.0,C2016175519-0,210-00,Single Family Detached,SINGLE FAMILY RESIDENTIAL,Single-family,unit,-8863.477,-9958.276875485148,-8581.43,-1094.799875485147,-1376.8468754851474,2016
1672,3,Out,Assessed,0.0,C2016175519-0,230-00,"Condominium,Townhouse",CONDOMINIUM,Single-family,unit,10852.996000000001,12363.453917445546,10507.64,1510.4579174455448,1855.8139174455464,2016
1673,3,Out,Assessed,0.0,C2016181451-0,150-00,Warehousing,"WAREHOUSING, DISTRIBUTION TERMINALS",Industrial/Manufacturing,sq. ft.,-23474.835383999998,-9276.343220756797,-22727.676458546564,14198.492163243202,13451.333237789768,2016
1674,3,Out,Assessed,0.0,C2016181451-0,565-00,Day Care Center,PRIVATE SCHOOLS & COLLEGES,Other,sq. ft.,38055.2004,253873.25527151645,36843.97645854657,215818.05487151645,217029.2788129699,2016
1675,3,Out,Assessed,0.0,C2016181671-0,210-00,Single Family Detached,SINGLE FAMILY RESIDENTIAL,Single-family,unit,-8863.477,-9958.276875485148,-8581.401471819612,-1094.799875485147,-1376.8754036655355,2016
1676,3,Out,Assessed,0.0,C2016181671-0,710-00,"General Office Building [1-50,000]","OFFICE, ONE STORY",Office,sq. ft.,63545.2664,67841.71426827247,61522.97147181961,4296.447868272466,6318.742796452854,2016
1677,3,Out,Assessed,0.0,C2017001590-0,820-00,"Shopping Center/General Retail [1-10,000]","STORES, ONE STORY",Commercial/Retail,sq. ft.,-10475.7702,-10880.888862464799,-10475.795518303357,-405.11866246479804,-405.09334416144156,2016
1678,3,Out,Assessed,0.0,C2017001590-0,932-01,High turnover Rest/Seats,"RESTAURANTS, CAFETERIAS",Commercial/Retail,seats,14696.15,5054.11009697392,14696.185518303357,-9642.03990302608,-9642.075421329437,2016
1679,3,Out,Assessed,0.0,C2017002195-0,820-00,"Shopping Center/General Retail [1-10,000]","STORES, ONE STORY",Commercial/Retail,sq. ft.,56132.668655,58303.42948804054,56132.61,2170.760833040542,2170.8194880405426,2016
1680,3,Out,Assessed,0.0,C2017004581-0,210-00,Single Family Detached,SINGLE FAMILY RESIDENTIAL,Single-family,unit,4431.7385,4979.138437742574,4431.740000000001,547.3999377425735,547.3984377425732,2016
1681,3,Out,Assessed,0.0,C2017007833-0,210-00,Single Family Detached,SINGLE FAMILY RESIDENTIAL,Single-family,unit,0.0,0.0,0.0,0.0,0.0,2016
1682,3,Out,Assessed,0.0,C2017008424-0,820-01,"Shopping Center/General Retail [10,001 -50,000]","STORES, ONE STORY",Commercial/Retail,sq. ft.,3470.3267060000003,2574.7634770331724,3470.32,-895.5632289668279,-895.5565229668277,2016
1683,3,Out,Assessed,0.0,C2017012332-0,210-00,Single Family Detached,SINGLE FAMILY RESIDENTIAL,Single-family,unit,8863.477,9958.276875485148,8863.480000000001,1094.799875485147,1094.7968754851463,2016
1684,3,Out,Assessed,0.0,C2017012700-0,210-00,Single Family Detached,SINGLE FAMILY RESIDENTIAL,Single-family,unit,-8863.477,-9958.276875485148,-8863.481455085375,-1094.799875485147,-1094.7954203997724,2016
1685,3,Out,Assessed,0.0,C2017012700-0,230-00,"Condominium,Townhouse",CONDOMINIUM,Single-family,unit,10852.996000000001,12363.453917445546,10853.001455085376,1510.4579174455448,1510.45246236017,2016
1686,3,Out,Assessed,0.0,C2017012861-0,560-00,Church/Synagogue,"CHURCHES, TEMPLES",Other,sq. ft.,30767.540608,17753.59407647822,30767.52,-13013.946531521779,-13013.92592352178,2016
1687,3,Out,Assessed,0.0,C2017016177-0,210-00,Single Family Detached,SINGLE FAMILY RESIDENTIAL,Single-family,unit,-8863.477,-9958.276875485148,-8863.481455085375,-1094.799875485147,-1094.7954203997724,2016
1688,3,Out,Assessed,0.0,C2017016177-0,230-00,"Condominium,Townhouse",CONDOMINIUM,Single-family,unit,10852.996000000001,12363.453917445546,10853.001455085376,1510.4579174455448,1510.45246236017,2016
1689,3,Out,Assessed,0.0,C2017021664-0,530-00,High School (25 SF/St),PUBLIC COUNTY SCHOOLS,Other,student,0.0,0.0,0.0,0.0,0.0,2016
1690,3,Out,Assessed,0.0,C2017032197-0,620-00,Nursing Home,"SANITARIUM, CONVALESCENT & REST HOME",Other,bed,204874.67,313225.69356679416,204874.66999999998,108351.02356679415,108351.02356679417,2016
1691,3,Out,Assessed,0.0,M2014011548-0,150-00,Warehousing,"WAREHOUSING, DISTRIBUTION TERMINALS",Industrial/Manufacturing,sq. ft.,9321.163852,3683.361936032885,6820.8,-5637.801915967115,-3137.4380639671153,2016
1692,3,Out,Assessed,0.0,M2015002017-0,710-00,"General Office Building [1-50,000]","OFFICE, ONE STORY",Office,sq. ft.,12059.158510000001,12874.50713954716,13900419.026587132,815.3486295471594,-13887544.519447586,2016
1693,3,Out,Assessed,0.0,M2015002017-0,820-00,"Shopping Center/General Retail [1-10,000]","STORES, ONE STORY",Commercial/Retail,sq. ft.,-12059.00826956,-12525.353865878644,-13900245.846587133,-466.3455963186443,13887720.492721254,2016
1694,3,Out,Assessed,0.0,M2015003706-0,720-00,Medical Office Building,PROFESSIONAL BUILDING,Office,sq. ft.,56262.56342,23828.69153583817,41170.39,-32433.87188416183,-17341.69846416183,2016
1695,3,Out,Assessed,0.0,M2015006770-0,150-00,Warehousing,"WAREHOUSING, DISTRIBUTION TERMINALS",Industrial/Manufacturing,sq. ft.,-8740.333602,-3453.8403796998286,-6395.795027439826,5286.493222300172,2941.9546477399977,2016
1696,3,Out,Assessed,0.0,M2015006770-0,710-00,"General Office Building [1-50,000]","OFFICE, ONE STORY",Office,sq. ft.,55703.202842000006,59469.42998471066,40761.17502743983,3766.2271427106534,18708.25495727083,2016
1697,3,Out,Assessed,0.0,M2016004589-0,820-01,"Shopping Center/General Retail [10,001 -50,000]","STORES, ONE STORY",Commercial/Retail,sq. ft.,301044.31857500004,223355.89185165585,291464.94,-77688.4267233442,-68109.04814834415,2016
1698,3,Out,Assessed,0.0,M2016004590-0,150-00,Warehousing,"WAREHOUSING, DISTRIBUTION TERMINALS",Industrial/Manufacturing,sq. ft.,0.0,0.0,0.0,0.0,0.0,2016
1699,3,Out,Assessed,0.0,M2016004687-0,222-00,High-Rise Apart or Condo over 3 floors,MULTI-FAMILY 10 OR MORE,Multifamily,unit,1653427.6500000001,1995083.8072840355,1600813.5,341656.15728403535,394270.3072840355,2016
1700,3,Out,Assessed,0.0,M2016005565-0,210-00,Single Family Detached,SINGLE FAMILY RESIDENTIAL,Single-family,unit,0.0,0.0,0.0,0.0,0.0,2016
1701,3,Out,Assessed,0.0,M2016006512-0,150-00,Warehousing,"WAREHOUSING, DISTRIBUTION TERMINALS",Industrial/Manufacturing,sq. ft.,-74.346272,-29.378759210631184,-71.98040410132688,44.96751278936881,42.601644890695695,2016
1702,3,Out,Assessed,0.0,M2016006512-0,710-00,"General Office Building [1-50,000]","OFFICE, ONE STORY",Office,sq. ft.,231.073696,246.69714279371806,223.72040410132686,15.623446793718045,22.976738692391194,2016
1703,3,Out,Assessed,0.0,M2016006732-0,150-00,Warehousing,"WAREHOUSING, DISTRIBUTION TERMINALS",Industrial/Manufacturing,sq. ft.,-18005.73775,-7115.16824632474,-17432.702236311237,10890.56950367526,10317.533989986498,2016
1704,3,Out,Assessed,0.0,M2016006732-0,820-00,"Shopping Center/General Retail [1-10,000]","STORES, ONE STORY",Commercial/Retail,sq. ft.,67656.01587500001,70272.40723675182,65502.852236311235,2616.391361751812,4769.555000440589,2016
1705,3,Out,Assessed,0.0,M2016009216-0,490-00,Tennis Courts,OUTDOOR RECREATIONAL,Other,court,89213.754,42282.300787924396,0.0,-46931.453212075605,42282.300787924396,2016
1706,3,Out,Assessed,0.0,M2016009216-0,710-00,"General Office Building [1-50,000]","OFFICE, ONE STORY",Office,sq. ft.,-89213.94349910002,-95245.9121897984,0.0,-6031.968690698384,-95245.9121897984,2016
1707,3,Out,Assessed,0.0,M2016009540-0,222-00,High-Rise Apart or Condo over 3 floors,MULTI-FAMILY 10 OR MORE,Multifamily,unit,73554.6,93886.29681336637,71214.0,20331.69681336636,22672.296813366367,2016
1708,3,Out,Assessed,0.0,M2016010686-0,210-00,Single Family Detached,SINGLE FAMILY RESIDENTIAL,Single-family,unit,8863.477,9958.276875485148,8581.43,1094.799875485147,1376.8468754851474,2016
1709,3,Out,Assessed,0.0,M2016011785-0,210-00,Single Family Detached,SINGLE FAMILY RESIDENTIAL,Single-family,unit,-8863.477,-9958.276875485148,-8581.429999999997,-1094.799875485147,-1376.846875485151,2016
1710,3,Out,Assessed,0.0,M2016011785-0,254-00,Assisted Living Facility,HOMES FOR THE AGED,Other,bed,15047.676000000003,16456.474497623763,14568.839999999997,1408.7984976237603,1887.634497623767,2016
1711,3,Out,Assessed,0.0,M2016013282-0,710-00,"General Office Building [1-50,000]","OFFICE, ONE STORY",Office,sq. ft.,17908.211440000003,19119.02856651315,17338.300000000003,1210.817126513146,1780.7285665131458,2016
1712,3,Out,Assessed,0.0,M2016013523-0,560-00,Church/Synagogue,"CHURCHES, TEMPLES",Other,sq. ft.,0.0,0.0,0.0,0.0,0.0,2016
1713,3,Out,Assessed,0.0,M2016013665-0,210-00,Single Family Detached,SINGLE FAMILY RESIDENTIAL,Single-family,unit,0.0,0.0,0.0,0.0,0.0,2016
1714,3,Out,Assessed,0.0,M2016014141-0,150-00,Warehousing,"WAREHOUSING, DISTRIBUTION TERMINALS",Industrial/Manufacturing,sq. ft.,4042.57854,1597.4700320780707,3913.9599999999996,-2445.1085079219292,-2316.489967921929,2016
1715,3,Out,Assessed,0.0,M2016015104-0,630-00,Clinic,PROFESSIONAL BUILDING,Office,sq. ft.,45082.553712,24905.787553301372,43648.03124589726,-20176.76615869863,-18742.24369259589,2016
1716,3,Out,Assessed,0.0,M2016015104-0,710-00,"General Office Building [1-50,000]","OFFICE, ONE STORY",Office,sq. ft.,39398.54667,44482.57855999229,38144.888754102736,5084.031889992286,6337.689805889553,2016
1717,3,Out,Assessed,0.0,M2016017061-0,820-01,"Shopping Center/General Retail [10,001 -50,000]","STORES, ONE STORY",Commercial/Retail,sq. ft.,-190231.97558400003,-149268.52473431785,-184177.7947494647,40963.45084968218,34909.270015146845,2016
1718,3,Out,Assessed,0.0,M2016017061-0,932-01,High turnover Rest/Seats,"RESTAURANTS, CAFETERIAS",Commercial/Retail,seats,344318.24000000005,125341.93040495321,333360.2247494647,-218976.30959504686,-208018.29434451152,2016
1719,3,Out,Assessed,0.0,M2017000370-0,210-00,Single Family Detached,SINGLE FAMILY RESIDENTIAL,Single-family,unit,0.0,0.0,0.0,0.0,0.0,2016
1720,3,Out,Assessed,0.0,M2017002535-0,150-00,Warehousing,"WAREHOUSING, DISTRIBUTION TERMINALS",Industrial/Manufacturing,sq. ft.,218670.97252,86410.27552826898,218669.0,-132260.69699173103,-132258.72447173102,2016
1721,3,Out,Assessed,0.0,M2017002536-0,150-00,Warehousing,"WAREHOUSING, DISTRIBUTION TERMINALS",Industrial/Manufacturing,sq. ft.,218624.5061,86391.91380376232,218622.53,-132232.59229623768,-132230.61619623768,2016
1722,3,Out,Assessed,0.0,M2017003067-0,210-00,Single Family Detached,SINGLE FAMILY RESIDENTIAL,Single-family,unit,0.0,0.0,0.0,0.0,0.0,2016
1723,3,Out,Collected,0.0,C2012097743-0,710-00,"General Office Building [1-50,000]","OFFICE, ONE STORY",Office,sq. ft.,7784.295134000001,8310.609997863377,5696.21,526.3148638633766,2614.3999978633774,2016
1724,3,Out,Collected,0.0,C2013011458-0,150-00,Warehousing,"WAREHOUSING, DISTRIBUTION TERMINALS",Industrial/Manufacturing,sq. ft.,-11390.006614000002,-4761.195164572916,-4885.352949389186,6628.811449427086,124.15778481626967,2016
1725,3,Out,Collected,0.0,C2013011458-0,560-00,Church/Synagogue,"CHURCHES, TEMPLES",Other,sq. ft.,13584.516967,8291.619135502167,5826.612949389186,-5292.897831497832,2465.0061861129816,2016
1726,3,Out,Collected,0.0,C2013131729-0,520-00,Elementary School (30 SF/St),PUBLIC COUNTY SCHOOLS,Other,student,4984.875,53850.505837590135,2869.401874902451,48865.630837590135,50981.10396268769,2016
1727,3,Out,Collected,0.0,C2013131729-0,530-00,High School (25 SF/St),PUBLIC COUNTY SCHOOLS,Other,student,27035.008,55697.23100348827,15561.935383174656,28662.223003488267,40135.29562031361,2016
1728,3,Out,Collected,0.0,C2013131729-0,560-00,Church/Synagogue,"CHURCHES, TEMPLES",Other,sq. ft.,-10811.864504000001,-6238.699935736493,-6223.543073591386,4573.164568263508,-15.15686214510697,2016
1729,3,Out,Collected,0.0,C2013131729-0,565-00,Day Care Center,PRIVATE SCHOOLS & COLLEGES,Other,sq. ft.,2109.156,14070.568384011205,1214.0758155142814,11961.412384011204,12856.492568496924,2016
1730,3,Out,Collected,0.0,C2014003170-0,630-00,Clinic,PROFESSIONAL BUILDING,Office,sq. ft.,167238.70128000004,87356.12052277348,119674.03414643618,-79882.58075722656,-32317.91362366271,2016
1731,3,Out,Collected,0.0,C2014003170-0,710-00,"General Office Building [1-50,000]","OFFICE, ONE STORY",Office,sq. ft.,-81453.47784,-86960.74283478562,-58287.144146436185,-5507.264994785612,-28673.598688349433,2016
1732,3,Out,Collected,0.0,C2014090210-0,210-00,Single Family Detached,SINGLE FAMILY RESIDENTIAL,Single-family,unit,0.0,0.0,0.0,0.0,0.0,2016
1733,3,Out,Collected,0.0,C2014093711-1,220-00,Apartment (Rentals),MULTI-FAMILY 10 OR MORE,Multifamily,unit,149377.872,185325.22049631685,88812.58000000002,35947.348496316845,96512.64049631683,2016
1734,3,Out,Collected,0.0,C2014093714-1,220-00,Apartment (Rentals),MULTI-FAMILY 10 OR MORE,Multifamily,unit,224066.80800000002,277987.83074447524,133218.87,53921.02274447522,144768.96074447525,2016
1735,3,Out,Collected,0.0,C2014116613-0,220-00,Apartment (Rentals),MULTI-FAMILY 10 OR MORE,Multifamily,unit,311203.9,386094.20936732675,4465.19,74890.30936732673,381629.01936732675,2016
1736,3,Out,Collected,0.0,C2015016255-0,220-00,Apartment (Rentals),MULTI-FAMILY 10 OR MORE,Multifamily,unit,224066.80800000002,277987.83074447524,133218.87,53921.02274447522,144768.96074447525,2016
1737,3,Out,Collected,0.0,C2015016262-6,220-00,Apartment (Rentals),MULTI-FAMILY 10 OR MORE,Multifamily,unit,0.0,0.0,0.0,0.0,0.0,2016
1738,3,Out,Collected,0.0,C2015016262-7,220-00,Apartment (Rentals),MULTI-FAMILY 10 OR MORE,Multifamily,unit,112033.40400000001,138993.91537223762,66609.43000000001,26960.51137223761,72384.48537223761,2016
1739,3,Out,Collected,0.0,C2015016263-6,220-00,Apartment (Rentals),MULTI-FAMILY 10 OR MORE,Multifamily,unit,0.0,0.0,0.0,0.0,0.0,2016
1740,3,Out,Collected,0.0,C2015016263-7,220-00,Apartment (Rentals),MULTI-FAMILY 10 OR MORE,Multifamily,unit,37344.468,46331.30512407921,22203.14,8986.837124079211,24128.165124079213,2016
1741,3,Out,Collected,0.0,C2015016271-6,220-00,Apartment (Rentals),MULTI-FAMILY 10 OR MORE,Multifamily,unit,0.0,0.0,0.0,0.0,0.0,2016
1742,3,Out,Collected,0.0,C2015016272-6,220-00,Apartment (Rentals),MULTI-FAMILY 10 OR MORE,Multifamily,unit,0.0,0.0,0.0,0.0,0.0,2016
1743,3,Out,Collected,0.0,C2015016274-6,220-00,Apartment (Rentals),MULTI-FAMILY 10 OR MORE,Multifamily,unit,0.0,0.0,0.0,0.0,0.0,2016
1744,3,Out,Collected,0.0,C2015016276-6,220-00,Apartment (Rentals),MULTI-FAMILY 10 OR MORE,Multifamily,unit,0.0,0.0,0.0,0.0,0.0,2016
1745,3,Out,Collected,0.0,C2015079069-0,210-00,Single Family Detached,SINGLE FAMILY RESIDENTIAL,Single-family,unit,8380.498000000001,9958.276875485148,6132.46,1577.7788754851463,3825.8168754851476,2016
1746,3,Out,Collected,0.0,C2015079079-0,210-00,Single Family Detached,SINGLE FAMILY RESIDENTIAL,Single-family,unit,8380.498000000001,9958.276875485148,6132.46,1577.7788754851463,3825.8168754851476,2016
1747,3,Out,Collected,0.0,C2015083357-0,710-00,"General Office Building [1-50,000]","OFFICE, ONE STORY",Office,sq. ft.,236417.27522,252402.01422082278,172999.8,15984.739000822767,79402.21422082279,2016
1748,3,Out,Collected,0.0,C2015091697-0,140-00,Manufacturing,HEAVY INDUSTRIAL,Industrial/Manufacturing,sq. ft.,145298.1026,168377.01372592998,106323.28,23078.911125929968,62053.73372592998,2016
1749,3,Out,Collected,0.0,C2015113649-0,231-00,Duplex,MULTI-FAMILY LESS THAN 10,Multifamily,unit,23342.508,21773.181643009906,26803.299999999996,-1569.3263569900955,-5030.1183569900895,2016
1750,3,Out,Collected,0.0,C2015124062-0,210-00,Single Family Detached,SINGLE FAMILY RESIDENTIAL,Single-family,unit,0.0,0.0,0.0,0.0,0.0,2016
1751,3,Out,Collected,0.0,C2015125431-0,210-00,Single Family Detached,SINGLE FAMILY RESIDENTIAL,Single-family,unit,8863.477,9958.276875485148,7296.62,1094.799875485147,2661.656875485148,2016
1752,3,Out,Collected,0.0,C2015129456-0,210-00,Single Family Detached,SINGLE FAMILY RESIDENTIAL,Single-family,unit,8863.477,9958.276875485148,7296.62,1094.799875485147,2661.656875485148,2016
1753,3,Out,Collected,0.0,C2015138530-0,210-00,Single Family Detached,SINGLE FAMILY RESIDENTIAL,Single-family,unit,8863.477,9958.276875485148,7296.5111041601485,1094.799875485147,2661.765771324999,2016
1754,3,Out,Collected,0.0,C2015138530-0,560-00,Church/Synagogue,"CHURCHES, TEMPLES",Other,sq. ft.,-5652.53808,-3261.647326730509,-4653.231104160149,2390.890753269491,1391.5837774296397,2016
1755,3,Out,Collected,0.0,C2015138533-0,210-00,Single Family Detached,SINGLE FAMILY RESIDENTIAL,Single-family,unit,8863.477,9958.276875485148,7296.5111041601485,1094.799875485147,2661.765771324999,2016
1756,3,Out,Collected,0.0,C2015138533-0,560-00,Church/Synagogue,"CHURCHES, TEMPLES",Other,sq. ft.,-5652.53808,-3261.647326730509,-4653.231104160149,2390.890753269491,1391.5837774296397,2016
1757,3,Out,Collected,0.0,C2015138534-0,210-00,Single Family Detached,SINGLE FAMILY RESIDENTIAL,Single-family,unit,8863.477,9958.276875485148,7296.5111041601485,1094.799875485147,2661.765771324999,2016
1758,3,Out,Collected,0.0,C2015138534-0,560-00,Church/Synagogue,"CHURCHES, TEMPLES",Other,sq. ft.,-5652.53808,-3261.647326730509,-4653.231104160149,2390.890753269491,1391.5837774296397,2016
1759,3,Out,Collected,0.0,C2015138535-0,210-00,Single Family Detached,SINGLE FAMILY RESIDENTIAL,Single-family,unit,8863.477,9958.276875485148,7296.5111041601485,1094.799875485147,2661.765771324999,2016
1760,3,Out,Collected,0.0,C2015138535-0,560-00,Church/Synagogue,"CHURCHES, TEMPLES",Other,sq. ft.,-5652.53808,-3261.647326730509,-4653.231104160149,2390.890753269491,1391.5837774296397,2016
1761,3,Out,Collected,0.0,C2015138536-0,210-00,Single Family Detached,SINGLE FAMILY RESIDENTIAL,Single-family,unit,8863.477,9958.276875485148,7296.5111041601485,1094.799875485147,2661.765771324999,2016
1762,3,Out,Collected,0.0,C2015138536-0,560-00,Church/Synagogue,"CHURCHES, TEMPLES",Other,sq. ft.,-5652.53808,-3261.647326730509,-4653.231104160149,2390.890753269491,1391.5837774296397,2016
1763,3,Out,Collected,0.0,C2015138539-1,210-00,Single Family Detached,SINGLE FAMILY RESIDENTIAL,Single-family,unit,8863.477,9958.276875485148,7296.62,1094.799875485147,2661.656875485148,2016
1764,3,Out,Collected,0.0,C2015138570-0,210-00,Single Family Detached,SINGLE FAMILY RESIDENTIAL,Single-family,unit,8863.477,9958.276875485148,7296.5111041601485,1094.799875485147,2661.765771324999,2016
1765,3,Out,Collected,0.0,C2015138570-0,560-00,Church/Synagogue,"CHURCHES, TEMPLES",Other,sq. ft.,-5652.53808,-3261.647326730509,-4653.231104160149,2390.890753269491,1391.5837774296397,2016
1766,3,Out,Collected,0.0,C2015138613-0,210-00,Single Family Detached,SINGLE FAMILY RESIDENTIAL,Single-family,unit,8863.477,9958.276875485148,7296.5111041601485,1094.799875485147,2661.765771324999,2016
1767,3,Out,Collected,0.0,C2015138613-0,560-00,Church/Synagogue,"CHURCHES, TEMPLES",Other,sq. ft.,-5652.53808,-3261.647326730509,-4653.231104160149,2390.890753269491,1391.5837774296397,2016
1768,3,Out,Collected,0.0,C2015138616-0,210-00,Single Family Detached,SINGLE FAMILY RESIDENTIAL,Single-family,unit,8863.477,9958.276875485148,7296.5111041601485,1094.799875485147,2661.765771324999,2016
1769,3,Out,Collected,0.0,C2015138616-0,560-00,Church/Synagogue,"CHURCHES, TEMPLES",Other,sq. ft.,-5652.53808,-3261.647326730509,-4653.231104160149,2390.890753269491,1391.5837774296397,2016
1770,3,Out,Collected,0.0,C2015138617-0,210-00,Single Family Detached,SINGLE FAMILY RESIDENTIAL,Single-family,unit,8863.477,9958.276875485148,7296.5111041601485,1094.799875485147,2661.765771324999,2016
1771,3,Out,Collected,0.0,C2015138617-0,560-00,Church/Synagogue,"CHURCHES, TEMPLES",Other,sq. ft.,-5652.53808,-3261.647326730509,-4653.231104160149,2390.890753269491,1391.5837774296397,2016
1772,3,Out,Collected,0.0,C2015139947-0,210-00,Single Family Detached,SINGLE FAMILY RESIDENTIAL,Single-family,unit,8863.477,9958.276875485148,7296.62,1094.799875485147,2661.656875485148,2016
1773,3,Out,Collected,0.0,C2015141690-0,210-00,Single Family Detached,SINGLE FAMILY RESIDENTIAL,Single-family,unit,8863.477,9958.276875485148,7296.62,1094.799875485147,2661.656875485148,2016
1774,3,Out,Collected,0.0,C2015141777-0,210-00,Single Family Detached,SINGLE FAMILY RESIDENTIAL,Single-family,unit,8863.477,9958.276875485148,7296.62,1094.799875485147,2661.656875485148,2016
1775,3,Out,Collected,0.0,C2015141781-0,210-00,Single Family Detached,SINGLE FAMILY RESIDENTIAL,Single-family,unit,8863.477,9958.276875485148,7296.62,1094.799875485147,2661.656875485148,2016
1776,3,Out,Collected,0.0,C2015142406-0,210-00,Single Family Detached,SINGLE FAMILY RESIDENTIAL,Single-family,unit,8863.477,9958.276875485148,7296.62,1094.799875485147,2661.656875485148,2016
1777,3,Out,Collected,0.0,C2015142732-0,220-00,Apartment (Rentals),MULTI-FAMILY 10 OR MORE,Multifamily,unit,0.0,0.0,0.0,0.0,0.0,2016
1778,3,Out,Collected,0.0,C2015142732-1,220-00,Apartment (Rentals),MULTI-FAMILY 10 OR MORE,Multifamily,unit,224066.80800000002,277987.83074447524,184456.88999999998,53921.02274447522,93530.94074447526,2016
1779,3,Out,Collected,0.0,C2015142741-0,220-00,Apartment (Rentals),MULTI-FAMILY 10 OR MORE,Multifamily,unit,0.0,0.0,0.0,0.0,0.0,2016
1780,3,Out,Collected,0.0,C2015142741-1,220-00,Apartment (Rentals),MULTI-FAMILY 10 OR MORE,Multifamily,unit,224066.80800000002,277987.83074447524,184456.88999999998,53921.02274447522,93530.94074447526,2016
1781,3,Out,Collected,0.0,C2015166382-0,230-00,"Condominium,Townhouse",CONDOMINIUM,Single-family,unit,10262.196,12363.453917445546,8448.07,2101.257917445546,3915.383917445546,2016
1782,3,Out,Collected,0.0,C2015179032-0,210-00,Single Family Detached,SINGLE FAMILY RESIDENTIAL,Single-family,unit,4431.7385,4979.138437742574,3648.31,547.3999377425735,1330.828437742574,2016
1783,3,Out,Collected,0.0,C2015179036-0,210-00,Single Family Detached,SINGLE FAMILY RESIDENTIAL,Single-family,unit,4431.7385,4979.138437742574,3648.3100000000004,547.3999377425735,1330.8284377425734,2016
1784,3,Out,Collected,0.0,C2016012469-0,150-00,Warehousing,"WAREHOUSING, DISTRIBUTION TERMINALS",Industrial/Manufacturing,sq. ft.,-3461.74829,-1367.9484757450145,-3016.4246916426505,2093.7998142549854,1648.476215897636,2016
1785,3,Out,Collected,0.0,C2016012469-0,820-00,"Shopping Center/General Retail [1-10,000]","STORES, ONE STORY",Commercial/Retail,sq. ft.,13007.414665,13510.437004227124,11334.12469164265,503.02233922712367,2176.312312584474,2016
1786,3,Out,Collected,0.0,C2016026922-0,150-00,Warehousing,"WAREHOUSING, DISTRIBUTION TERMINALS",Industrial/Manufacturing,sq. ft.,-26685.665006,-10545.13838416593,-23252.94510638297,16140.52662183407,12707.80672221704,2016
1787,3,Out,Collected,0.0,C2016026922-0,820-01,"Shopping Center/General Retail [10,001 -50,000]","STORES, ONE STORY",Commercial/Retail,sq. ft.,74925.13636300001,55589.724242862816,65287.11510638297,-19335.412120137196,-9697.390863520151,2016
1788,3,Out,Collected,0.0,C2016028177-0,560-00,Church/Synagogue,"CHURCHES, TEMPLES",Other,sq. ft.,-11499.0358,-6635.21392447628,-10019.955370919879,4863.821875523719,3384.7414464435988,2016
1789,3,Out,Collected,0.0,C2016028177-0,565-00,Day Care Center,PRIVATE SCHOOLS & COLLEGES,Other,sq. ft.,15630.3525,104272.96213151161,13619.875370919879,88642.60963151162,90653.08676059173,2016
1790,3,Out,Collected,0.0,C2016032206-0,710-00,"General Office Building [1-50,000]","OFFICE, ONE STORY",Office,sq. ft.,-6961.0950920000005,-7431.751426660757,-6065.63664583659,-470.65633466075633,-1366.1147808241667,2016
1791,3,Out,Collected,0.0,C2016032206-0,720-00,Medical Office Building,PROFESSIONAL BUILDING,Office,sq. ft.,16075.018119999999,6808.197581668049,14007.16664583659,-9266.820538331951,-7198.969064168542,2016
1792,3,Out,Collected,0.0,C2016035004-0,210-00,Single Family Detached,SINGLE FAMILY RESIDENTIAL,Single-family,unit,8863.477,9958.276875485148,7723.29,1094.799875485147,2234.9868754851477,2016
1793,3,Out,Collected,0.0,C2016035009-0,210-00,Single Family Detached,SINGLE FAMILY RESIDENTIAL,Single-family,unit,8863.477,9958.276875485148,7723.29,1094.799875485147,2234.9868754851477,2016
1794,3,Out,Collected,0.0,C2016041386-0,853-00,Convenience market with Gasoline,SERVICE STATIONS,Commercial/Retail,sq. ft.,38424.84919000001,49306.903475715255,33481.89,10882.054285715247,15825.013475715255,2016
1795,3,Out,Collected,0.0,C2016043981-0,210-00,Single Family Detached,SINGLE FAMILY RESIDENTIAL,Single-family,unit,0.0,0.0,0.0,0.0,0.0,2016
1796,3,Out,Collected,0.0,C2016044009-0,210-00,Single Family Detached,SINGLE FAMILY RESIDENTIAL,Single-family,unit,8863.477,9958.276875485148,7723.29,1094.799875485147,2234.9868754851477,2016
1797,3,Out,Collected,0.0,C2016044090-0,210-00,Single Family Detached,SINGLE FAMILY RESIDENTIAL,Single-family,unit,8863.477,9958.276875485148,7723.29,1094.799875485147,2234.9868754851477,2016
1798,3,Out,Collected,0.0,C2016047609-0,210-00,Single Family Detached,SINGLE FAMILY RESIDENTIAL,Single-family,unit,8863.477,9958.276875485148,8581.43,1094.799875485147,1376.8468754851474,2016
1799,3,Out,Collected,0.0,C2016047688-0,210-00,Single Family Detached,SINGLE FAMILY RESIDENTIAL,Single-family,unit,8863.477,9958.276875485148,8581.43,1094.799875485147,1376.8468754851474,2016
1800,3,Out,Collected,0.0,C2016047798-0,210-00,Single Family Detached,SINGLE FAMILY RESIDENTIAL,Single-family,unit,8863.477,9958.276875485148,8581.43,1094.799875485147,1376.8468754851474,2016
1801,3,Out,Collected,0.0,C2016048145-0,210-00,Single Family Detached,SINGLE FAMILY RESIDENTIAL,Single-family,unit,0.0,0.0,0.0,0.0,0.0,2016
1802,3,Out,Collected,0.0,C2016049267-0,210-00,Single Family Detached,SINGLE FAMILY RESIDENTIAL,Single-family,unit,8863.477,9958.276875485148,8581.43,1094.799875485147,1376.8468754851474,2016
1803,3,Out,Collected,0.0,C2016049279-0,210-00,Single Family Detached,SINGLE FAMILY RESIDENTIAL,Single-family,unit,8863.477,9958.276875485148,8581.43,1094.799875485147,1376.8468754851474,2016
1804,3,Out,Collected,0.0,C2016050945-0,210-00,Single Family Detached,SINGLE FAMILY RESIDENTIAL,Single-family,unit,8863.477,9958.276875485148,8581.43,1094.799875485147,1376.8468754851474,2016
1805,3,Out,Collected,0.0,C2016054393-0,150-00,Warehousing,"WAREHOUSING, DISTRIBUTION TERMINALS",Industrial/Manufacturing,sq. ft.,29887.201344,11810.261202673735,28936.280000000002,-18076.940141326268,-17126.018797326265,2016
1806,3,Out,Collected,0.0,C2016058160-0,150-00,Warehousing,"WAREHOUSING, DISTRIBUTION TERMINALS",Industrial/Manufacturing,sq. ft.,-35686.21056,-14101.804421102968,-34551.43818481846,21584.40613889703,20449.633763715487,2016
1807,3,Out,Collected,0.0,C2016058160-0,560-00,Church/Synagogue,"CHURCHES, TEMPLES",Other,sq. ft.,42560.286720000004,24558.285754206187,41206.92818481846,-18002.000965793817,-16648.642430612275,2016
1808,3,Out,Collected,0.0,C2016059830-0,210-00,Single Family Detached,SINGLE FAMILY RESIDENTIAL,Single-family,unit,8863.477,9958.276875485148,8581.43,1094.799875485147,1376.8468754851474,2016
1809,3,Out,Collected,0.0,C2016059838-0,210-00,Single Family Detached,SINGLE FAMILY RESIDENTIAL,Single-family,unit,8863.477,9958.276875485148,8581.43,1094.799875485147,1376.8468754851474,2016
1810,3,Out,Collected,0.0,C2016062950-0,210-00,Single Family Detached,SINGLE FAMILY RESIDENTIAL,Single-family,unit,8863.477,9958.276875485148,8581.43,1094.799875485147,1376.8468754851474,2016
1811,3,Out,Collected,0.0,C2016062963-0,210-00,Single Family Detached,SINGLE FAMILY RESIDENTIAL,Single-family,unit,8863.477,9958.276875485148,8581.43,1094.799875485147,1376.8468754851474,2016
1812,3,Out,Collected,0.0,C2016063852-0,620-00,Nursing Home,"SANITARIUM, CONVALESCENT & REST HOME",Other,bed,335205.15,484369.62922700134,324538.5,149164.4792270013,159831.12922700134,2016
1813,3,Out,Collected,0.0,C2016064407-0,210-00,Single Family Detached,SINGLE FAMILY RESIDENTIAL,Single-family,unit,8863.477,9958.276875485148,8581.43,1094.799875485147,1376.8468754851474,2016
1814,3,Out,Collected,0.0,C2016064477-0,210-00,Single Family Detached,SINGLE FAMILY RESIDENTIAL,Single-family,unit,8863.477,9958.276875485148,8581.43,1094.799875485147,1376.8468754851474,2016
1815,3,Out,Collected,0.0,C2016064492-0,210-00,Single Family Detached,SINGLE FAMILY RESIDENTIAL,Single-family,unit,8863.477,9958.276875485148,8581.43,1094.799875485147,1376.8468754851474,2016
1816,3,Out,Collected,0.0,C2016065384-0,150-00,Warehousing,"WAREHOUSING, DISTRIBUTION TERMINALS",Industrial/Manufacturing,sq. ft.,-29775.681936,-11766.193063857789,-28828.833036303633,18009.48887214221,17062.639972445846,2016
1817,3,Out,Collected,0.0,C2016065384-0,560-00,Church/Synagogue,"CHURCHES, TEMPLES",Other,sq. ft.,35511.239232,20490.819676165785,34382.003036303635,-15020.419555834214,-13891.18336013785,2016
1818,3,Out,Collected,0.0,C2016066267-0,210-00,Single Family Detached,SINGLE FAMILY RESIDENTIAL,Single-family,unit,8863.477,9958.276875485148,8581.43,1094.799875485147,1376.8468754851474,2016
1819,3,Out,Collected,0.0,C2016067696-0,210-00,Single Family Detached,SINGLE FAMILY RESIDENTIAL,Single-family,unit,0.0,0.0,0.0,0.0,0.0,2016
1820,3,Out,Collected,0.0,C2016067923-0,210-00,Single Family Detached,SINGLE FAMILY RESIDENTIAL,Single-family,unit,8863.477,9958.276875485148,8581.43,1094.799875485147,1376.8468754851474,2016
1821,3,Out,Collected,0.0,C2016067941-0,210-00,Single Family Detached,SINGLE FAMILY RESIDENTIAL,Single-family,unit,8863.477,9958.276875485148,8581.43,1094.799875485147,1376.8468754851474,2016
1822,3,Out,Collected,0.0,C2016067970-0,210-00,Single Family Detached,SINGLE FAMILY RESIDENTIAL,Single-family,unit,8863.477,9958.276875485148,8581.43,1094.799875485147,1376.8468754851474,2016
1823,3,Out,Collected,0.0,C2016070208-0,710-00,"General Office Building [1-50,000]","OFFICE, ONE STORY",Office,sq. ft.,-7538.779332,-8048.494283645052,-7298.9080909232935,-509.71495164505177,-749.5861927217584,2016
1824,3,Out,Collected,0.0,C2016070208-0,720-00,Medical Office Building,PROFESSIONAL BUILDING,Office,sq. ft.,17409.04452,7373.193231599007,16855.118090923293,-10035.851288400992,-9481.924859324286,2016
1825,3,Out,Collected,0.0,C2016071031-0,210-00,Single Family Detached,SINGLE FAMILY RESIDENTIAL,Single-family,unit,0.0,0.0,0.0,0.0,0.0,2016
1826,3,Out,Collected,0.0,C2016072135-0,565-00,Day Care Center,PRIVATE SCHOOLS & COLLEGES,Other,sq. ft.,0.0,0.0,0.0,0.0,0.0,2016
1827,3,Out,Collected,0.0,C2016072221-0,210-00,Single Family Detached,SINGLE FAMILY RESIDENTIAL,Single-family,unit,8863.477,9958.276875485148,8581.43,1094.799875485147,1376.8468754851474,2016
1828,3,Out,Collected,0.0,C2016072254-0,231-00,Duplex,MULTI-FAMILY LESS THAN 10,Multifamily,unit,3890.418,3628.8636071683177,5253.820000000001,-261.55439283168243,-1624.956392831683,2016
1829,3,Out,Collected,0.0,C2016072273-0,231-00,Duplex,MULTI-FAMILY LESS THAN 10,Multifamily,unit,3890.418,3628.8636071683177,5253.820000000001,-261.55439283168243,-1624.956392831683,2016
1830,3,Out,Collected,0.0,C2016072279-0,231-00,Duplex,MULTI-FAMILY LESS THAN 10,Multifamily,unit,3890.418,3628.8636071683177,5253.820000000001,-261.55439283168243,-1624.956392831683,2016
1831,3,Out,Collected,0.0,C2016072288-0,231-00,Duplex,MULTI-FAMILY LESS THAN 10,Multifamily,unit,3890.418,3628.8636071683177,5253.820000000001,-261.55439283168243,-1624.956392831683,2016
1832,3,Out,Collected,0.0,C2016072298-0,231-00,Duplex,MULTI-FAMILY LESS THAN 10,Multifamily,unit,3890.418,3628.8636071683177,5253.820000000001,-261.55439283168243,-1624.956392831683,2016
1833,3,Out,Collected,0.0,C2016072302-0,231-00,Duplex,MULTI-FAMILY LESS THAN 10,Multifamily,unit,3890.418,3628.8636071683177,5253.820000000001,-261.55439283168243,-1624.956392831683,2016
1834,3,Out,Collected,0.0,C2016072312-0,231-00,Duplex,MULTI-FAMILY LESS THAN 10,Multifamily,unit,3890.418,3628.8636071683177,5253.820000000001,-261.55439283168243,-1624.956392831683,2016
1835,3,Out,Collected,0.0,C2016072320-0,231-00,Duplex,MULTI-FAMILY LESS THAN 10,Multifamily,unit,3890.418,3628.8636071683177,5253.820000000001,-261.55439283168243,-1624.956392831683,2016
1836,3,Out,Collected,0.0,C2016072336-0,231-00,Duplex,MULTI-FAMILY LESS THAN 10,Multifamily,unit,3890.418,3628.8636071683177,5253.820000000001,-261.55439283168243,-1624.956392831683,2016
1837,3,Out,Collected,0.0,C2016072350-0,231-00,Duplex,MULTI-FAMILY LESS THAN 10,Multifamily,unit,3890.418,3628.8636071683177,5253.820000000001,-261.55439283168243,-1624.956392831683,2016
1838,3,Out,Collected,0.0,C2016072358-0,820-03,"Shopping Center/General Retail [100,001-200,000]",COMMUNITY SHOPPING CENTER,Commercial/Retail,sq. ft.,35133.048951,48843.65199741839,34015.049999999996,13710.603046418393,14828.601997418395,2016
1839,3,Out,Collected,0.0,C2016072360-0,231-00,Duplex,MULTI-FAMILY LESS THAN 10,Multifamily,unit,3890.418,3628.8636071683177,5253.820000000001,-261.55439283168243,-1624.956392831683,2016
1840,3,Out,Collected,0.0,C2016072369-0,231-00,Duplex,MULTI-FAMILY LESS THAN 10,Multifamily,unit,3890.418,3628.8636071683177,5253.820000000001,-261.55439283168243,-1624.956392831683,2016
1841,3,Out,Collected,0.0,C2016072373-0,231-00,Duplex,MULTI-FAMILY LESS THAN 10,Multifamily,unit,3890.418,3628.8636071683177,5253.820000000001,-261.55439283168243,-1624.956392831683,2016
1842,3,Out,Collected,0.0,C2016072381-0,231-00,Duplex,MULTI-FAMILY LESS THAN 10,Multifamily,unit,3890.418,3628.8636071683177,5253.820000000001,-261.55439283168243,-1624.956392831683,2016
1843,3,Out,Collected,0.0,C2016072384-0,231-00,Duplex,MULTI-FAMILY LESS THAN 10,Multifamily,unit,3890.418,3628.8636071683177,5253.820000000001,-261.55439283168243,-1624.956392831683,2016
1844,3,Out,Collected,0.0,C2016072389-0,231-00,Duplex,MULTI-FAMILY LESS THAN 10,Multifamily,unit,3890.418,3628.8636071683177,5253.820000000001,-261.55439283168243,-1624.956392831683,2016
1845,3,Out,Collected,0.0,C2016074318-0,210-00,Single Family Detached,SINGLE FAMILY RESIDENTIAL,Single-family,unit,8863.477,9958.276875485148,8581.43075191393,1094.799875485147,1376.8461235712184,2016
1846,3,Out,Collected,0.0,C2016074318-0,230-00,"Condominium,Townhouse",CONDOMINIUM,Single-family,unit,-1790.7443400000002,-2039.9698963785152,-1733.7607519139287,-249.22555637851497,-306.2091444645864,2016
1847,3,Out,Collected,0.0,C2016074326-0,210-00,Single Family Detached,SINGLE FAMILY RESIDENTIAL,Single-family,unit,8863.477,9958.276875485148,8581.43075191393,1094.799875485147,1376.8461235712184,2016
1848,3,Out,Collected,0.0,C2016074326-0,230-00,"Condominium,Townhouse",CONDOMINIUM,Single-family,unit,-1790.7443400000002,-2039.9698963785152,-1733.7607519139287,-249.22555637851497,-306.2091444645864,2016
1849,3,Out,Collected,0.0,C2016074987-0,210-00,Single Family Detached,SINGLE FAMILY RESIDENTIAL,Single-family,unit,8863.477,9958.276875485148,8581.43,1094.799875485147,1376.8468754851474,2016
1850,3,Out,Collected,0.0,C2016075025-0,210-00,Single Family Detached,SINGLE FAMILY RESIDENTIAL,Single-family,unit,8863.477,9958.276875485148,8581.43,1094.799875485147,1376.8468754851474,2016
1851,3,Out,Collected,0.0,C2016079875-0,620-00,Nursing Home,"SANITARIUM, CONVALESCENT & REST HOME",Other,bed,0.0,0.0,0.0,0.0,0.0,2016
1852,3,Out,Collected,0.0,C2016081238-0,210-00,Single Family Detached,SINGLE FAMILY RESIDENTIAL,Single-family,unit,8863.477,9958.276875485148,8581.43,1094.799875485147,1376.8468754851474,2016
1853,3,Out,Collected,0.0,C2016081532-0,210-00,Single Family Detached,SINGLE FAMILY RESIDENTIAL,Single-family,unit,8863.477,9958.276875485148,8581.43,1094.799875485147,1376.8468754851474,2016
1854,3,Out,Collected,0.0,C2016081978-0,210-00,Single Family Detached,SINGLE FAMILY RESIDENTIAL,Single-family,unit,0.0,0.0,0.0,0.0,0.0,2016
1855,3,Out,Collected,0.0,C2016082215-0,210-00,Single Family Detached,SINGLE FAMILY RESIDENTIAL,Single-family,unit,8863.477,9958.276875485148,8581.43,1094.799875485147,1376.8468754851474,2016
1856,3,Out,Collected,0.0,C2016084710-0,210-00,Single Family Detached,SINGLE FAMILY RESIDENTIAL,Single-family,unit,8863.477,9958.276875485148,8581.43,1094.799875485147,1376.8468754851474,2016
1857,3,Out,Collected,0.0,C2016087461-0,231-00,Duplex,MULTI-FAMILY LESS THAN 10,Multifamily,unit,3890.418,3628.8636071683177,5253.820000000001,-261.55439283168243,-1624.956392831683,2016
1858,3,Out,Collected,0.0,C2016087465-0,231-00,Duplex,MULTI-FAMILY LESS THAN 10,Multifamily,unit,3890.418,3628.8636071683177,5253.820000000001,-261.55439283168243,-1624.956392831683,2016
1859,3,Out,Collected,0.0,C2016087471-0,231-00,Duplex,MULTI-FAMILY LESS THAN 10,Multifamily,unit,3890.418,3628.8636071683177,5253.820000000001,-261.55439283168243,-1624.956392831683,2016
1860,3,Out,Collected,0.0,C2016087479-0,231-00,Duplex,MULTI-FAMILY LESS THAN 10,Multifamily,unit,3890.418,3628.8636071683177,5253.820000000001,-261.55439283168243,-1624.956392831683,2016
1861,3,Out,Collected,0.0,C2016087483-0,231-00,Duplex,MULTI-FAMILY LESS THAN 10,Multifamily,unit,3890.418,3628.8636071683177,5253.820000000001,-261.55439283168243,-1624.956392831683,2016
1862,3,Out,Collected,0.0,C2016087488-0,231-00,Duplex,MULTI-FAMILY LESS THAN 10,Multifamily,unit,3890.418,3628.8636071683177,5253.820000000001,-261.55439283168243,-1624.956392831683,2016
1863,3,Out,Collected,0.0,C2016087490-0,231-00,Duplex,MULTI-FAMILY LESS THAN 10,Multifamily,unit,3890.418,3628.8636071683177,5253.820000000001,-261.55439283168243,-1624.956392831683,2016
1864,3,Out,Collected,0.0,C2016087491-0,231-00,Duplex,MULTI-FAMILY LESS THAN 10,Multifamily,unit,3890.418,3628.8636071683177,5253.820000000001,-261.55439283168243,-1624.956392831683,2016
1865,3,Out,Collected,0.0,C2016087513-0,231-00,Duplex,MULTI-FAMILY LESS THAN 10,Multifamily,unit,3890.418,3628.8636071683177,5253.820000000001,-261.55439283168243,-1624.956392831683,2016
1866,3,Out,Collected,0.0,C2016087514-0,231-00,Duplex,MULTI-FAMILY LESS THAN 10,Multifamily,unit,3890.418,3628.8636071683177,5253.820000000001,-261.55439283168243,-1624.956392831683,2016
1867,3,Out,Collected,0.0,C2016087519-0,231-00,Duplex,MULTI-FAMILY LESS THAN 10,Multifamily,unit,3890.418,3628.8636071683177,5253.820000000001,-261.55439283168243,-1624.956392831683,2016
1868,3,Out,Collected,0.0,C2016087522-0,231-00,Duplex,MULTI-FAMILY LESS THAN 10,Multifamily,unit,3890.418,3628.8636071683177,5253.820000000001,-261.55439283168243,-1624.956392831683,2016
1869,3,Out,Collected,0.0,C2016087525-0,231-00,Duplex,MULTI-FAMILY LESS THAN 10,Multifamily,unit,3890.418,3628.8636071683177,5253.820000000001,-261.55439283168243,-1624.956392831683,2016
1870,3,Out,Collected,0.0,C2016087527-0,231-00,Duplex,MULTI-FAMILY LESS THAN 10,Multifamily,unit,3890.418,3628.8636071683177,5253.820000000001,-261.55439283168243,-1624.956392831683,2016
1871,3,Out,Collected,0.0,C2016087529-0,231-00,Duplex,MULTI-FAMILY LESS THAN 10,Multifamily,unit,3890.418,3628.8636071683177,5253.820000000001,-261.55439283168243,-1624.956392831683,2016
1872,3,Out,Collected,0.0,C2016087530-0,231-00,Duplex,MULTI-FAMILY LESS THAN 10,Multifamily,unit,3890.418,3628.8636071683177,5253.820000000001,-261.55439283168243,-1624.956392831683,2016
1873,3,Out,Collected,0.0,C2016087983-0,944-00,Service Stations w/ Gasoline,SERVICE STATIONS,Commercial/Retail,fuel station,67289.166,113036.62627658804,65147.94,45747.46027658804,47888.686276588036,2016
1874,3,Out,Collected,0.0,C2016088997-0,710-00,"General Office Building [1-50,000]","OFFICE, ONE STORY",Office,sq. ft.,-53464.57893000001,-60363.70712733789,-54748.41221579643,-6899.128197337879,-5615.294911541459,2016
1875,3,Out,Collected,0.0,C2016088997-0,720-00,Medical Office Building,PROFESSIONAL BUILDING,Office,sq. ft.,123455.41425000002,55298.94923699255,126419.92221579641,-68156.46501300746,-71120.97297880385,2016
1876,3,Out,Collected,0.0,C2016089072-0,150-00,Warehousing,"WAREHOUSING, DISTRIBUTION TERMINALS",Industrial/Manufacturing,sq. ft.,1415181.28752,559224.6815743645,1370154.53,-855956.6059456355,-810929.8484256355,2016
1877,3,Out,Collected,0.0,C2016090079-0,210-00,Single Family Detached,SINGLE FAMILY RESIDENTIAL,Single-family,unit,0.0,0.0,0.0,0.0,0.0,2016
1878,3,Out,Collected,0.0,C2016090748-0,210-00,Single Family Detached,SINGLE FAMILY RESIDENTIAL,Single-family,unit,0.0,0.0,0.0,0.0,0.0,2016
1879,3,Out,Collected,0.0,C2016091166-0,150-00,Warehousing,"WAREHOUSING, DISTRIBUTION TERMINALS",Industrial/Manufacturing,sq. ft.,1501153.457804,593197.5442565582,1453391.33,-907955.9135474418,-860193.7857434419,2016
1880,3,Out,Collected,0.0,C2016091545-0,210-00,Single Family Detached,SINGLE FAMILY RESIDENTIAL,Single-family,unit,0.0,0.0,0.0,0.0,0.0,2016
1881,3,Out,Collected,0.0,C2016092023-0,934-00,Fast Food Rest. w/ Drive-Thru,DRIVE-IN RESTAURANTS,Commercial/Retail,sq. ft.,98314.47412500001,107546.2077953218,95186.09,9231.733670321788,12360.1177953218,2016
1882,3,Out,Collected,0.0,C2016092025-0,710-00,"General Office Building [1-50,000]","OFFICE, ONE STORY",Office,sq. ft.,-7452.126696,-7955.982855097407,-7214.996191874692,-503.8561590974068,-740.9866632227149,2016
1883,3,Out,Collected,0.0,C2016092025-0,820-00,"Shopping Center/General Retail [1-10,000]","STORES, ONE STORY",Commercial/Retail,sq. ft.,9009.162372,9357.564421719726,8722.486191874692,348.40204971972526,635.078229845034,2016
1884,3,Out,Collected,0.0,C2016093185-0,820-01,"Shopping Center/General Retail [10,001 -50,000]","STORES, ONE STORY",Commercial/Retail,sq. ft.,566367.755492,420209.14310136874,548345.65,-146158.6123906313,-128136.50689863128,2016
1885,3,Out,Collected,0.0,C2016094925-0,565-00,Day Care Center,PRIVATE SCHOOLS & COLLEGES,Other,sq. ft.,-69647.3442,-464630.26885202713,-67431.07826497704,-394982.92465202714,-397199.1905870501,2016
1886,3,Out,Collected,0.0,C2016094925-0,853-00,Convenience market with Gasoline,SERVICE STATIONS,Commercial/Retail,sq. ft.,332490.2763,426652.7079670235,321910.018264977,94162.43166702345,104742.68970204645,2016
1887,3,Out,Collected,0.0,C2016096955-0,210-00,Single Family Detached,SINGLE FAMILY RESIDENTIAL,Single-family,unit,8863.477,9958.276875485148,8581.43,1094.799875485147,1376.8468754851474,2016
1888,3,Out,Collected,0.0,C2016096966-0,210-00,Single Family Detached,SINGLE FAMILY RESIDENTIAL,Single-family,unit,8863.477,9958.276875485148,8581.43,1094.799875485147,1376.8468754851474,2016
1889,3,Out,Collected,0.0,C2016096975-0,210-00,Single Family Detached,SINGLE FAMILY RESIDENTIAL,Single-family,unit,8863.477,9958.276875485148,8581.43,1094.799875485147,1376.8468754851474,2016
1890,3,Out,Collected,0.0,C2016098164-0,210-00,Single Family Detached,SINGLE FAMILY RESIDENTIAL,Single-family,unit,8863.477,9958.276875485148,8581.43,1094.799875485147,1376.8468754851474,2016
1891,3,Out,Collected,0.0,C2016098168-0,210-00,Single Family Detached,SINGLE FAMILY RESIDENTIAL,Single-family,unit,8863.477,9958.276875485148,8581.43,1094.799875485147,1376.8468754851474,2016
1892,3,Out,Collected,0.0,C2016098629-0,210-00,Single Family Detached,SINGLE FAMILY RESIDENTIAL,Single-family,unit,8863.477,9958.276875485148,8581.43,1094.799875485147,1376.8468754851474,2016
1893,3,Out,Collected,0.0,C2016098666-0,210-00,Single Family Detached,SINGLE FAMILY RESIDENTIAL,Single-family,unit,8863.477,9958.276875485148,8581.43,1094.799875485147,1376.8468754851474,2016
1894,3,Out,Collected,0.0,C2016100133-0,210-00,Single Family Detached,SINGLE FAMILY RESIDENTIAL,Single-family,unit,8863.477,9958.276875485148,8581.43,1094.799875485147,1376.8468754851474,2016
1895,3,Out,Collected,0.0,C2016100146-0,210-00,Single Family Detached,SINGLE FAMILY RESIDENTIAL,Single-family,unit,8863.477,9958.276875485148,8581.43,1094.799875485147,1376.8468754851474,2016
1896,3,Out,Collected,0.0,C2016100783-1,530-00,High School (25 SF/St),PUBLIC COUNTY SCHOOLS,Other,student,0.0,0.0,0.0,0.0,0.0,2016
1897,3,Out,Collected,0.0,C2016101686-0,210-00,Single Family Detached,SINGLE FAMILY RESIDENTIAL,Single-family,unit,8863.477,9958.276875485148,8581.43,1094.799875485147,1376.8468754851474,2016
1898,3,Out,Collected,0.0,C2016102374-0,210-00,Single Family Detached,SINGLE FAMILY RESIDENTIAL,Single-family,unit,0.0,0.0,0.0,0.0,0.0,2016
1899,3,Out,Collected,0.0,C2016103428-0,210-00,Single Family Detached,SINGLE FAMILY RESIDENTIAL,Single-family,unit,8863.477,9958.276875485148,8581.43,1094.799875485147,1376.8468754851474,2016
1900,3,Out,Collected,0.0,C2016104537-0,150-00,Warehousing,"WAREHOUSING, DISTRIBUTION TERMINALS",Industrial/Manufacturing,sq. ft.,739652.47356,292281.930696767,716118.9800000001,-447370.54286323296,-423837.0493032331,2016
1901,3,Out,Collected,0.0,C2016108488-0,210-00,Single Family Detached,SINGLE FAMILY RESIDENTIAL,Single-family,unit,8863.477,9958.276875485148,8581.43,1094.799875485147,1376.8468754851474,2016
1902,3,Out,Collected,0.0,C2016109995-0,710-00,"General Office Building [1-50,000]","OFFICE, ONE STORY",Office,sq. ft.,6513.389806,6953.775712497928,6306.11,440.38590649792786,647.6657124979283,2016
1903,3,Out,Collected,0.0,C2016113587-0,230-00,"Condominium,Townhouse",CONDOMINIUM,Single-family,unit,0.0,0.0,0.0,0.0,0.0,2016
1904,3,Out,Collected,0.0,C2016113685-0,710-00,"General Office Building [1-50,000]","OFFICE, ONE STORY",Office,sq. ft.,-13734.442806000001,-14663.061424801617,-13297.423143258868,-928.6186188016163,-1365.6382815427496,2016
1905,3,Out,Collected,0.0,C2016113685-0,720-00,Medical Office Building,PROFESSIONAL BUILDING,Office,sq. ft.,31716.477659999997,13432.771577108535,30707.28314325887,-18283.706082891462,-17274.511566150333,2016
1906,3,Out,Collected,0.0,C2016114629-0,934-00,Fast Food Rest. w/ Drive-Thru,DRIVE-IN RESTAURANTS,Commercial/Retail,sq. ft.,4149.483800000001,4539.120520857707,4017.45,389.63672085770577,521.6705208577068,2016
1907,3,Out,Collected,0.0,C2016115171-0,210-00,Single Family Detached,SINGLE FAMILY RESIDENTIAL,Single-family,unit,-8863.477,-9958.276875485148,-8581.43,-1094.799875485147,-1376.8468754851474,2016
1908,3,Out,Collected,0.0,C2016115171-0,230-00,"Condominium,Townhouse",CONDOMINIUM,Single-family,unit,10852.996000000001,12363.453917445546,10507.64,1510.4579174455448,1855.8139174455464,2016
1909,3,Out,Collected,0.0,C2016116389-0,210-00,Single Family Detached,SINGLE FAMILY RESIDENTIAL,Single-family,unit,8863.477,9958.276875485148,8581.43,1094.799875485147,1376.8468754851474,2016
1910,3,Out,Collected,0.0,C2016116399-0,210-00,Single Family Detached,SINGLE FAMILY RESIDENTIAL,Single-family,unit,8863.477,9958.276875485148,8581.43,1094.799875485147,1376.8468754851474,2016
1911,3,Out,Collected,0.0,C2016116412-0,210-00,Single Family Detached,SINGLE FAMILY RESIDENTIAL,Single-family,unit,8863.477,9958.276875485148,8581.43,1094.799875485147,1376.8468754851474,2016
1912,3,Out,Collected,0.0,C2016117133-0,210-00,Single Family Detached,SINGLE FAMILY RESIDENTIAL,Single-family,unit,-8863.477,-9958.276875485148,-8581.43,-1094.799875485147,-1376.8468754851474,2016
1913,3,Out,Collected,0.0,C2016117133-0,230-00,"Condominium,Townhouse",CONDOMINIUM,Single-family,unit,10852.996000000001,12363.453917445546,10507.64,1510.4579174455448,1855.8139174455464,2016
1914,3,Out,Collected,0.0,C2016118766-0,150-00,Warehousing,"WAREHOUSING, DISTRIBUTION TERMINALS",Industrial/Manufacturing,sq. ft.,79215.952816,31303.06793892753,76695.54000000001,-47912.88487707247,-45392.472061072476,2016
1915,3,Out,Collected,0.0,C2016121352-0,220-00,Apartment (Rentals),MULTI-FAMILY 10 OR MORE,Multifamily,unit,311203.9,386094.20936732675,301301.0,74890.30936732673,84793.20936732675,2016
1916,3,Out,Collected,0.0,C2016121364-0,220-00,Apartment (Rentals),MULTI-FAMILY 10 OR MORE,Multifamily,unit,311203.9,386094.20936732675,301301.0,74890.30936732673,84793.20936732675,2016
1917,3,Out,Collected,0.0,C2016121368-0,220-00,Apartment (Rentals),MULTI-FAMILY 10 OR MORE,Multifamily,unit,311203.9,386094.20936732675,301301.0,74890.30936732673,84793.20936732675,2016
1918,3,Out,Collected,0.0,C2016121601-0,934-00,Fast Food Rest. w/ Drive-Thru,DRIVE-IN RESTAURANTS,Commercial/Retail,sq. ft.,2006.31249,2321.1411754386,1942.47,314.8286854385999,378.6711754385999,2016
1919,3,Out,Collected,0.0,C2016122238-0,210-00,Single Family Detached,SINGLE FAMILY RESIDENTIAL,Single-family,unit,7445.320680000001,8364.952575407524,7208.4000000000015,919.6318954075232,1156.5525754075225,2016
1920,3,Out,Collected,0.0,C2016122344-0,820-02,"Shopping Center/General Retail [50,001 -100,000]","STORES, ONE STORY",Commercial/Retail,sq. ft.,20945.277920000004,12165.07542186035,20278.809999999998,-8780.202498139653,-8113.734578139647,2016
1921,3,Out,Collected,0.0,C2016122814-0,210-00,Single Family Detached,SINGLE FAMILY RESIDENTIAL,Single-family,unit,-8863.477,-9958.276875485148,-8581.43,-1094.799875485147,-1376.8468754851474,2016
1922,3,Out,Collected,0.0,C2016122814-0,230-00,"Condominium,Townhouse",CONDOMINIUM,Single-family,unit,10852.996000000001,12363.453917445546,10507.64,1510.4579174455448,1855.8139174455464,2016
1923,3,Out,Collected,0.0,C2016124039-0,210-00,Single Family Detached,SINGLE FAMILY RESIDENTIAL,Single-family,unit,8863.477,9958.276875485148,8581.43,1094.799875485147,1376.8468754851474,2016
1924,3,Out,Collected,0.0,C2016124043-0,210-00,Single Family Detached,SINGLE FAMILY RESIDENTIAL,Single-family,unit,8863.477,9958.276875485148,8581.43,1094.799875485147,1376.8468754851474,2016
1925,3,Out,Collected,0.0,C2016124049-0,210-00,Single Family Detached,SINGLE FAMILY RESIDENTIAL,Single-family,unit,8863.477,9958.276875485148,8581.43,1094.799875485147,1376.8468754851474,2016
1926,3,Out,Collected,0.0,C2016124106-0,210-00,Single Family Detached,SINGLE FAMILY RESIDENTIAL,Single-family,unit,8863.477,9958.276875485148,8581.43,1094.799875485147,1376.8468754851474,2016
1927,3,Out,Collected,0.0,C2016124746-0,150-00,Warehousing,"WAREHOUSING, DISTRIBUTION TERMINALS",Industrial/Manufacturing,sq. ft.,2081.695616,822.6052578976731,2015.4599999999996,-1259.0903581023267,-1192.8547421023263,2016
1928,3,Out,Collected,0.0,C2016125688-0,210-00,Single Family Detached,SINGLE FAMILY RESIDENTIAL,Single-family,unit,4431.7385,4979.138437742574,4290.71,547.3999377425735,688.4284377425738,2016
1929,3,Out,Collected,0.0,C2016125792-0,210-00,Single Family Detached,SINGLE FAMILY RESIDENTIAL,Single-family,unit,8863.477,9958.276875485148,8581.43,1094.799875485147,1376.8468754851474,2016
1930,3,Out,Collected,0.0,C2016126912-0,210-00,Single Family Detached,SINGLE FAMILY RESIDENTIAL,Single-family,unit,8863.477,9958.276875485148,8581.43,1094.799875485147,1376.8468754851474,2016
1931,3,Out,Collected,0.0,C2016126916-0,210-00,Single Family Detached,SINGLE FAMILY RESIDENTIAL,Single-family,unit,8863.477,9958.276875485148,8581.43,1094.799875485147,1376.8468754851474,2016
1932,3,Out,Collected,0.0,C2016127758-0,210-00,Single Family Detached,SINGLE FAMILY RESIDENTIAL,Single-family,unit,8863.477,9958.276875485148,8581.43,1094.799875485147,1376.8468754851474,2016
1933,3,Out,Collected,0.0,C2016128849-0,210-00,Single Family Detached,SINGLE FAMILY RESIDENTIAL,Single-family,unit,8863.477,9958.276875485148,8581.43,1094.799875485147,1376.8468754851474,2016
1934,3,Out,Collected,0.0,C2016129360-0,210-00,Single Family Detached,SINGLE FAMILY RESIDENTIAL,Single-family,unit,8380.498000000001,9958.276875485148,8113.82,1577.7788754851463,1844.456875485148,2016
1935,3,Out,Collected,0.0,C2016129370-0,210-00,Single Family Detached,SINGLE FAMILY RESIDENTIAL,Single-family,unit,8863.477,9958.276875485148,8581.43,1094.799875485147,1376.8468754851474,2016
1936,3,Out,Collected,0.0,C2016129394-0,210-00,Single Family Detached,SINGLE FAMILY RESIDENTIAL,Single-family,unit,8863.477,9958.276875485148,8581.43,1094.799875485147,1376.8468754851474,2016
1937,3,Out,Collected,0.0,C2016129433-0,210-00,Single Family Detached,SINGLE FAMILY RESIDENTIAL,Single-family,unit,8863.477,9958.276875485148,8581.43,1094.799875485147,1376.8468754851474,2016
1938,3,Out,Collected,0.0,C2016129460-0,210-00,Single Family Detached,SINGLE FAMILY RESIDENTIAL,Single-family,unit,8863.477,9958.276875485148,8581.43,1094.799875485147,1376.8468754851474,2016
1939,3,Out,Collected,0.0,C2016129486-0,210-00,Single Family Detached,SINGLE FAMILY RESIDENTIAL,Single-family,unit,8863.477,9958.276875485148,8581.43,1094.799875485147,1376.8468754851474,2016
1940,3,Out,Collected,0.0,C2016132521-0,210-00,Single Family Detached,SINGLE FAMILY RESIDENTIAL,Single-family,unit,8863.477,9958.276875485148,8581.43,1094.799875485147,1376.8468754851474,2016
1941,3,Out,Collected,0.0,C2016134981-0,210-00,Single Family Detached,SINGLE FAMILY RESIDENTIAL,Single-family,unit,8863.477,9958.276875485148,8581.43,1094.799875485147,1376.8468754851474,2016
1942,3,Out,Collected,0.0,C2016134985-0,210-00,Single Family Detached,SINGLE FAMILY RESIDENTIAL,Single-family,unit,8863.477,9958.276875485148,8581.43,1094.799875485147,1376.8468754851474,2016
1943,3,Out,Collected,0.0,C2016134986-0,210-00,Single Family Detached,SINGLE FAMILY RESIDENTIAL,Single-family,unit,8863.477,9958.276875485148,8581.43,1094.799875485147,1376.8468754851474,2016
1944,3,Out,Collected,0.0,C2016135501-0,210-00,Single Family Detached,SINGLE FAMILY RESIDENTIAL,Single-family,unit,0.0,0.0,0.0,0.0,0.0,2016
1945,3,Out,Collected,0.0,C2016135873-0,210-00,Single Family Detached,SINGLE FAMILY RESIDENTIAL,Single-family,unit,0.0,0.0,0.0,0.0,0.0,2016
1946,3,Out,Collected,0.0,C2016136075-0,934-00,Fast Food Rest. w/ Drive-Thru,DRIVE-IN RESTAURANTS,Commercial/Retail,sq. ft.,15230.491675000001,16660.635548148173,14745.849999999999,1430.1438731481721,1914.7855481481747,2016
1947,3,Out,Collected,0.0,C2016137165-0,210-00,Single Family Detached,SINGLE FAMILY RESIDENTIAL,Single-family,unit,8863.477,9958.276875485148,8581.43,1094.799875485147,1376.8468754851474,2016
1948,3,Out,Collected,0.0,C2016137524-0,210-00,Single Family Detached,SINGLE FAMILY RESIDENTIAL,Single-family,unit,8863.477,9958.276875485148,8581.43,1094.799875485147,1376.8468754851474,2016
1949,3,Out,Collected,0.0,C2016137543-0,210-00,Single Family Detached,SINGLE FAMILY RESIDENTIAL,Single-family,unit,8863.477,9958.276875485148,8581.43,1094.799875485147,1376.8468754851474,2016
1950,3,Out,Collected,0.0,C2016137545-0,210-00,Single Family Detached,SINGLE FAMILY RESIDENTIAL,Single-family,unit,8863.477,9958.276875485148,8581.43,1094.799875485147,1376.8468754851474,2016
1951,3,Out,Collected,0.0,C2016137548-0,210-00,Single Family Detached,SINGLE FAMILY RESIDENTIAL,Single-family,unit,8863.477,9958.276875485148,8581.43,1094.799875485147,1376.8468754851474,2016
1952,3,Out,Collected,0.0,C2016137575-0,210-00,Single Family Detached,SINGLE FAMILY RESIDENTIAL,Single-family,unit,8863.477,9958.276875485148,8581.43,1094.799875485147,1376.8468754851474,2016
1953,3,Out,Collected,0.0,C2016137581-0,210-00,Single Family Detached,SINGLE FAMILY RESIDENTIAL,Single-family,unit,8863.477,9958.276875485148,8581.43,1094.799875485147,1376.8468754851474,2016
1954,3,Out,Collected,0.0,C2016137626-0,210-00,Single Family Detached,SINGLE FAMILY RESIDENTIAL,Single-family,unit,8863.477,9958.276875485148,8581.43,1094.799875485147,1376.8468754851474,2016
1955,3,Out,Collected,0.0,C2016137646-0,210-00,Single Family Detached,SINGLE FAMILY RESIDENTIAL,Single-family,unit,8863.477,9958.276875485148,8581.43,1094.799875485147,1376.8468754851474,2016
1956,3,Out,Collected,0.0,C2016137663-0,210-00,Single Family Detached,SINGLE FAMILY RESIDENTIAL,Single-family,unit,8863.477,9958.276875485148,8581.43,1094.799875485147,1376.8468754851474,2016
1957,3,Out,Collected,0.0,C2016137679-0,210-00,Single Family Detached,SINGLE FAMILY RESIDENTIAL,Single-family,unit,8863.477,9958.276875485148,8581.43,1094.799875485147,1376.8468754851474,2016
1958,3,Out,Collected,0.0,C2016137686-0,210-00,Single Family Detached,SINGLE FAMILY RESIDENTIAL,Single-family,unit,8863.477,9958.276875485148,8581.43,1094.799875485147,1376.8468754851474,2016
1959,3,Out,Collected,0.0,C2016137687-0,210-00,Single Family Detached,SINGLE FAMILY RESIDENTIAL,Single-family,unit,8863.477,9958.276875485148,8581.43,1094.799875485147,1376.8468754851474,2016
1960,3,Out,Collected,0.0,C2016138616-0,210-00,Single Family Detached,SINGLE FAMILY RESIDENTIAL,Single-family,unit,8380.498000000001,9958.276875485148,8113.82,1577.7788754851463,1844.456875485148,2016
1961,3,Out,Collected,0.0,C2016138708-0,210-00,Single Family Detached,SINGLE FAMILY RESIDENTIAL,Single-family,unit,8863.477,9958.276875485148,8581.43,1094.799875485147,1376.8468754851474,2016
1962,3,Out,Collected,0.0,C2016139591-0,210-00,Single Family Detached,SINGLE FAMILY RESIDENTIAL,Single-family,unit,8863.477,9958.276875485148,8581.43,1094.799875485147,1376.8468754851474,2016
1963,3,Out,Collected,0.0,C2016139600-0,210-00,Single Family Detached,SINGLE FAMILY RESIDENTIAL,Single-family,unit,8863.477,9958.276875485148,8581.43,1094.799875485147,1376.8468754851474,2016
1964,3,Out,Collected,0.0,C2016139606-0,210-00,Single Family Detached,SINGLE FAMILY RESIDENTIAL,Single-family,unit,8863.477,9958.276875485148,8581.43,1094.799875485147,1376.8468754851474,2016
1965,3,Out,Collected,0.0,C2016139613-0,210-00,Single Family Detached,SINGLE FAMILY RESIDENTIAL,Single-family,unit,8863.477,9958.276875485148,8581.43,1094.799875485147,1376.8468754851474,2016
1966,3,Out,Collected,0.0,C2016139619-0,210-00,Single Family Detached,SINGLE FAMILY RESIDENTIAL,Single-family,unit,8863.477,9958.276875485148,8581.43,1094.799875485147,1376.8468754851474,2016
1967,3,Out,Collected,0.0,C2016146052-0,210-00,Single Family Detached,SINGLE FAMILY RESIDENTIAL,Single-family,unit,8863.477,9958.276875485148,8581.43,1094.799875485147,1376.8468754851474,2016
1968,3,Out,Collected,0.0,C2016146980-0,210-00,Single Family Detached,SINGLE FAMILY RESIDENTIAL,Single-family,unit,7207.228280000001,8564.118112917227,6977.889999999999,1356.8898329172262,1586.228112917228,2016
1969,3,Out,Collected,0.0,C2016148962-0,150-00,Warehousing,"WAREHOUSING, DISTRIBUTION TERMINALS",Industrial/Manufacturing,sq. ft.,-2569.593026,-1015.4033652174403,-2487.8150349233997,1554.1896607825597,1472.4116697059594,2016
1970,3,Out,Collected,0.0,C2016148962-0,710-00,"General Office Building [1-50,000]","OFFICE, ONE STORY",Office,sq. ft.,1415.3263880000002,1511.0199996115232,1370.2832439856682,95.69361161152301,140.73675562585504,2016
1971,3,Out,Collected,0.0,C2016148962-0,820-00,"Shopping Center/General Retail [1-10,000]","STORES, ONE STORY",Commercial/Retail,sq. ft.,7944.1257350000005,8251.340720702472,7691.30179093773,307.2149857024715,560.0389297647416,2016
1972,3,Out,Collected,0.0,C2016150120-0,210-00,Single Family Detached,SINGLE FAMILY RESIDENTIAL,Single-family,unit,0.0,0.0,0.0,0.0,0.0,2016
1973,3,Out,Collected,0.0,C2016151252-0,912-00,Bank (Drive-in),"RESTAURANTS, CAFETERIAS",Commercial/Retail,sq. ft.,69361.4519444,34251.00071534763,67154.4,-35110.45122905237,-32903.39928465236,2016
1974,3,Out,Collected,0.0,C2016151326-0,210-00,Single Family Detached,SINGLE FAMILY RESIDENTIAL,Single-family,unit,8863.477,9958.276875485148,8581.43,1094.799875485147,1376.8468754851474,2016
1975,3,Out,Collected,0.0,C2016155872-0,710-00,"General Office Building [1-50,000]","OFFICE, ONE STORY",Office,sq. ft.,-2901.4190954,-3097.5909992036222,-2809.101318543978,-196.17190380362217,-288.48968065964436,2016
1976,3,Out,Collected,0.0,C2016155872-0,720-00,Medical Office Building,PROFESSIONAL BUILDING,Office,sq. ft.,6700.147594,2837.6906517782386,6486.9613185439775,-3862.4569422217614,-3649.270666765739,2016
1977,3,Out,Collected,0.0,C2016156977-0,210-00,Single Family Detached,SINGLE FAMILY RESIDENTIAL,Single-family,unit,0.0,0.0,0.0,0.0,0.0,2016
1978,3,Out,Collected,0.0,C2016157641-0,210-00,Single Family Detached,SINGLE FAMILY RESIDENTIAL,Single-family,unit,8863.477,9958.276875485148,8581.43,1094.799875485147,1376.8468754851474,2016
1979,3,Out,Collected,0.0,C2016157708-0,311-00,All Suites Hotel,"HOTELS, MOTELS",Commercial/Retail,room,589509.1020000001,479896.1140037823,570750.18,-109612.9879962178,-90854.06599621777,2016
1980,3,Out,Collected,0.0,C2016160561-0,210-00,Single Family Detached,SINGLE FAMILY RESIDENTIAL,Single-family,unit,8380.498000000001,9958.276875485148,8113.82,1577.7788754851463,1844.456875485148,2016
1981,3,Out,Collected,0.0,C2016161405-0,210-00,Single Family Detached,SINGLE FAMILY RESIDENTIAL,Single-family,unit,8863.477,9958.276875485148,8581.43,1094.799875485147,1376.8468754851474,2016
1982,3,Out,Collected,0.0,C2016161456-0,210-00,Single Family Detached,SINGLE FAMILY RESIDENTIAL,Single-family,unit,8863.477,9958.276875485148,8581.43,1094.799875485147,1376.8468754851474,2016
1983,3,Out,Collected,0.0,C2016161470-0,210-00,Single Family Detached,SINGLE FAMILY RESIDENTIAL,Single-family,unit,8863.477,9958.276875485148,8581.43,1094.799875485147,1376.8468754851474,2016
1984,3,Out,Collected,0.0,C2016163802-0,540-00,Jr./Community College (25 SF/St),COLLEGES,Other,student,65357.25,36832.967036941016,63277.58551878683,-28524.282963058984,-26444.618481845813,2016
1985,3,Out,Collected,0.0,C2016163802-0,710-00,"General Office Building [1-50,000]","OFFICE, ONE STORY",Office,sq. ft.,-20969.937912,-22387.765708529914,-20302.675518786826,-1417.827796529913,-2085.0901897430886,2016
1986,3,Out,Collected,0.0,C2016163931-0,210-00,Single Family Detached,SINGLE FAMILY RESIDENTIAL,Single-family,unit,6285.3735000000015,7468.70765661386,6085.36,1183.3341566138588,1383.3476566138606,2016
1987,3,Out,Collected,0.0,C2016167538-0,210-00,Single Family Detached,SINGLE FAMILY RESIDENTIAL,Single-family,unit,8863.477,9958.276875485148,8581.43,1094.799875485147,1376.8468754851474,2016
1988,3,Out,Collected,0.0,C2016168027-0,150-00,Warehousing,"WAREHOUSING, DISTRIBUTION TERMINALS",Industrial/Manufacturing,sq. ft.,1393.9926,550.8517351993347,1349.64,-843.1408648006653,-798.7882648006654,2016
1989,3,Out,Collected,0.0,C2016168231-0,210-00,Single Family Detached,SINGLE FAMILY RESIDENTIAL,Single-family,unit,8863.477,9958.276875485148,8581.43,1094.799875485147,1376.8468754851474,2016
1990,3,Out,Collected,0.0,C2016168237-0,210-00,Single Family Detached,SINGLE FAMILY RESIDENTIAL,Single-family,unit,8863.477,9958.276875485148,8581.43,1094.799875485147,1376.8468754851474,2016
1991,3,Out,Collected,0.0,C2016169578-0,210-00,Single Family Detached,SINGLE FAMILY RESIDENTIAL,Single-family,unit,8863.477,9958.276875485148,8581.43,1094.799875485147,1376.8468754851474,2016
1992,3,Out,Collected,0.0,C2016169583-0,210-00,Single Family Detached,SINGLE FAMILY RESIDENTIAL,Single-family,unit,8863.477,9958.276875485148,8581.43,1094.799875485147,1376.8468754851474,2016
1993,3,Out,Collected,0.0,C2016169605-0,210-00,Single Family Detached,SINGLE FAMILY RESIDENTIAL,Single-family,unit,8863.477,9958.276875485148,8581.43,1094.799875485147,1376.8468754851474,2016
1994,3,Out,Collected,0.0,C2016169824-0,210-00,Single Family Detached,SINGLE FAMILY RESIDENTIAL,Single-family,unit,8863.477,9958.276875485148,8581.43,1094.799875485147,1376.8468754851474,2016
1995,3,Out,Collected,0.0,C2016169847-0,210-00,Single Family Detached,SINGLE FAMILY RESIDENTIAL,Single-family,unit,8863.477,9958.276875485148,8581.43,1094.799875485147,1376.8468754851474,2016
1996,3,Out,Collected,0.0,C2016169853-0,210-00,Single Family Detached,SINGLE FAMILY RESIDENTIAL,Single-family,unit,8863.477,9958.276875485148,8581.43,1094.799875485147,1376.8468754851474,2016
1997,3,Out,Collected,0.0,C2016169944-0,210-00,Single Family Detached,SINGLE FAMILY RESIDENTIAL,Single-family,unit,8863.477,9958.276875485148,8581.43,1094.799875485147,1376.8468754851474,2016
1998,3,Out,Collected,0.0,C2016174455-0,210-00,Single Family Detached,SINGLE FAMILY RESIDENTIAL,Single-family,unit,8863.477,9958.276875485148,8581.43,1094.799875485147,1376.8468754851474,2016
1999,3,Out,Collected,0.0,C2016174478-0,210-00,Single Family Detached,SINGLE FAMILY RESIDENTIAL,Single-family,unit,8863.477,9958.276875485148,8581.43,1094.799875485147,1376.8468754851474,2016
2000,3,Out,Collected,0.0,C2016174516-0,210-00,Single Family Detached,SINGLE FAMILY RESIDENTIAL,Single-family,unit,8863.477,9958.276875485148,8581.43,1094.799875485147,1376.8468754851474,2016
2001,3,Out,Collected,0.0,C2016177071-0,565-00,Day Care Center,PRIVATE SCHOOLS & COLLEGES,Other,sq. ft.,0.0,0.0,0.0,0.0,0.0,2016
2002,3,Out,Collected,0.0,C2016180100-0,210-00,Single Family Detached,SINGLE FAMILY RESIDENTIAL,Single-family,unit,8863.477,9958.276875485148,8581.43,1094.799875485147,1376.8468754851474,2016
2003,3,Out,Collected,0.0,C2016180109-0,210-00,Single Family Detached,SINGLE FAMILY RESIDENTIAL,Single-family,unit,8863.477,9958.276875485148,8581.43,1094.799875485147,1376.8468754851474,2016
2004,3,Out,Collected,0.0,C2016180119-0,210-00,Single Family Detached,SINGLE FAMILY RESIDENTIAL,Single-family,unit,8863.477,9958.276875485148,8581.43,1094.799875485147,1376.8468754851474,2016
2005,3,Out,Collected,0.0,C2016180125-0,210-00,Single Family Detached,SINGLE FAMILY RESIDENTIAL,Single-family,unit,8863.477,9958.276875485148,8581.43,1094.799875485147,1376.8468754851474,2016
2006,3,Out,Collected,0.0,C2016180136-0,210-00,Single Family Detached,SINGLE FAMILY RESIDENTIAL,Single-family,unit,8863.477,9958.276875485148,8581.43,1094.799875485147,1376.8468754851474,2016
2007,3,Out,Collected,0.0,C2016180149-0,210-00,Single Family Detached,SINGLE FAMILY RESIDENTIAL,Single-family,unit,8863.477,9958.276875485148,8581.43,1094.799875485147,1376.8468754851474,2016
2008,3,Out,Collected,0.0,C2016180160-0,210-00,Single Family Detached,SINGLE FAMILY RESIDENTIAL,Single-family,unit,8863.477,9958.276875485148,8581.43,1094.799875485147,1376.8468754851474,2016
2009,3,Out,Collected,0.0,C2016180171-0,210-00,Single Family Detached,SINGLE FAMILY RESIDENTIAL,Single-family,unit,8863.477,9958.276875485148,8581.43,1094.799875485147,1376.8468754851474,2016
2010,3,Out,Collected,0.0,C2016183044-0,210-00,Single Family Detached,SINGLE FAMILY RESIDENTIAL,Single-family,unit,4190.249000000001,4979.138437742574,4056.91,788.8894377425731,922.228437742574,2016
2011,3,Out,Collected,0.0,C2016183115-0,210-00,Single Family Detached,SINGLE FAMILY RESIDENTIAL,Single-family,unit,0.0,0.0,0.0,0.0,0.0,2016
2012,3,Out,Collected,0.0,C2016184077-0,210-00,Single Family Detached,SINGLE FAMILY RESIDENTIAL,Single-family,unit,8863.477,9958.276875485148,8581.43,1094.799875485147,1376.8468754851474,2016
2013,3,Out,Collected,0.0,C2016184112-0,210-00,Single Family Detached,SINGLE FAMILY RESIDENTIAL,Single-family,unit,8863.477,9958.276875485148,8581.43,1094.799875485147,1376.8468754851474,2016
2014,3,Out,Collected,0.0,C2016184124-0,210-00,Single Family Detached,SINGLE FAMILY RESIDENTIAL,Single-family,unit,8863.477,9958.276875485148,8581.43,1094.799875485147,1376.8468754851474,2016
2015,3,Out,Collected,0.0,C2016184817-0,210-00,Single Family Detached,SINGLE FAMILY RESIDENTIAL,Single-family,unit,8863.477,9958.276875485148,8581.43,1094.799875485147,1376.8468754851474,2016
2016,3,Out,Collected,0.0,C2016186121-0,210-00,Single Family Detached,SINGLE FAMILY RESIDENTIAL,Single-family,unit,8863.477,9958.276875485148,8581.43,1094.799875485147,1376.8468754851474,2016
2017,3,Out,Collected,0.0,C2016186159-0,210-00,Single Family Detached,SINGLE FAMILY RESIDENTIAL,Single-family,unit,8863.477,9958.276875485148,8581.43,1094.799875485147,1376.8468754851474,2016
2018,3,Out,Collected,0.0,C2016186168-0,210-00,Single Family Detached,SINGLE FAMILY RESIDENTIAL,Single-family,unit,8863.477,9958.276875485148,8581.43,1094.799875485147,1376.8468754851474,2016
2019,3,Out,Collected,0.0,C2016186182-0,210-00,Single Family Detached,SINGLE FAMILY RESIDENTIAL,Single-family,unit,8863.477,9958.276875485148,8581.43,1094.799875485147,1376.8468754851474,2016
2020,3,Out,Collected,0.0,C2016187026-0,210-00,Single Family Detached,SINGLE FAMILY RESIDENTIAL,Single-family,unit,8863.477,9958.276875485148,8581.43,1094.799875485147,1376.8468754851474,2016
2021,3,Out,Collected,0.0,C2016187059-0,210-00,Single Family Detached,SINGLE FAMILY RESIDENTIAL,Single-family,unit,8863.477,9958.276875485148,8581.43,1094.799875485147,1376.8468754851474,2016
2022,3,Out,Collected,0.0,C2016188865-0,220-00,Apartment (Rentals),MULTI-FAMILY 10 OR MORE,Multifamily,unit,56016.702000000005,69496.95768611881,54234.18,13480.255686118806,15262.77768611881,2016
2023,3,Out,Collected,0.0,C2016189742-0,210-00,Single Family Detached,SINGLE FAMILY RESIDENTIAL,Single-family,unit,8863.477,9958.276875485148,8581.43,1094.799875485147,1376.8468754851474,2016
2024,3,Out,Collected,0.0,C2016190796-0,231-00,Duplex,MULTI-FAMILY LESS THAN 10,Multifamily,unit,23342.508,21773.181643009906,31522.92,-1569.3263569900955,-9749.738356990092,2016
2025,3,Out,Collected,0.0,C2016190808-0,231-00,Duplex,MULTI-FAMILY LESS THAN 10,Multifamily,unit,23342.508,21773.181643009906,31522.92,-1569.3263569900955,-9749.738356990092,2016
2026,3,Out,Collected,0.0,C2016190811-0,231-00,Duplex,MULTI-FAMILY LESS THAN 10,Multifamily,unit,23342.508,21773.181643009906,31522.92,-1569.3263569900955,-9749.738356990092,2016
2027,3,Out,Collected,0.0,C2016190815-0,231-00,Duplex,MULTI-FAMILY LESS THAN 10,Multifamily,unit,23342.508,21773.181643009906,31522.92,-1569.3263569900955,-9749.738356990092,2016
2028,3,Out,Collected,0.0,C2016190829-0,231-00,Duplex,MULTI-FAMILY LESS THAN 10,Multifamily,unit,23342.508,21773.181643009906,31522.92,-1569.3263569900955,-9749.738356990092,2016
2029,3,Out,Collected,0.0,C2016190831-0,231-00,Duplex,MULTI-FAMILY LESS THAN 10,Multifamily,unit,31123.344,29030.90885734654,42030.56,-2092.4351426534595,-12999.651142653456,2016
2030,3,Out,Collected,0.0,C2016190834-0,231-00,Duplex,MULTI-FAMILY LESS THAN 10,Multifamily,unit,31123.344,29030.90885734654,42030.56,-2092.4351426534595,-12999.651142653456,2016
2031,3,Out,Collected,0.0,C2016190837-0,231-00,Duplex,MULTI-FAMILY LESS THAN 10,Multifamily,unit,31123.344,29030.90885734654,42030.56,-2092.4351426534595,-12999.651142653456,2016
2032,3,Out,Collected,0.0,C2016190838-0,231-00,Duplex,MULTI-FAMILY LESS THAN 10,Multifamily,unit,23342.508,21773.181643009906,31522.92,-1569.3263569900955,-9749.738356990092,2016
2033,3,Out,Collected,0.0,C2016190839-0,231-00,Duplex,MULTI-FAMILY LESS THAN 10,Multifamily,unit,31123.344,29030.90885734654,42030.56,-2092.4351426534595,-12999.651142653456,2016
2034,3,Out,Collected,0.0,C2016190840-0,231-00,Duplex,MULTI-FAMILY LESS THAN 10,Multifamily,unit,31123.344,29030.90885734654,42030.56,-2092.4351426534595,-12999.651142653456,2016
2035,3,Out,Collected,0.0,C2016190841-0,231-00,Duplex,MULTI-FAMILY LESS THAN 10,Multifamily,unit,31123.344,29030.90885734654,42030.56,-2092.4351426534595,-12999.651142653456,2016
2036,3,Out,Collected,0.0,C2016190842-0,231-00,Duplex,MULTI-FAMILY LESS THAN 10,Multifamily,unit,23342.508,21773.181643009906,31522.92,-1569.3263569900955,-9749.738356990092,2016
2037,3,Out,Collected,0.0,C2016190843-0,231-00,Duplex,MULTI-FAMILY LESS THAN 10,Multifamily,unit,31123.344,29030.90885734654,42030.56,-2092.4351426534595,-12999.651142653456,2016
2038,3,Out,Collected,0.0,C2016190844-0,231-00,Duplex,MULTI-FAMILY LESS THAN 10,Multifamily,unit,23342.508,21773.181643009906,31522.92,-1569.3263569900955,-9749.738356990092,2016
2039,3,Out,Collected,0.0,C2016193162-0,912-00,Bank (Drive-in),"RESTAURANTS, CAFETERIAS",Commercial/Retail,sq. ft.,60514.973442,29882.569360177986,58589.409999999996,-30632.404081822016,-28706.84063982201,2016
2040,3,Out,Collected,0.0,C2017003316-0,720-00,Medical Office Building,PROFESSIONAL BUILDING,Office,sq. ft.,41388.16906,17528.990039107983,39134.12646156706,-23859.179020892017,-21605.136422459076,2016
2041,3,Out,Collected,0.0,C2017003316-0,820-00,"Shopping Center/General Retail [1-10,000]","STORES, ONE STORY",Commercial/Retail,sq. ft.,-21667.384697,-22505.305130531357,-20487.356461567062,-837.9204335313552,-2017.9486689642945,2016
2042,3,Out,Collected,0.0,C2017003460-0,210-00,Single Family Detached,SINGLE FAMILY RESIDENTIAL,Single-family,unit,8863.477,9958.276875485148,8863.480000000001,1094.799875485147,1094.7968754851463,2016
2043,3,Out,Collected,0.0,C2017003499-0,210-00,Single Family Detached,SINGLE FAMILY RESIDENTIAL,Single-family,unit,8863.477,9958.276875485148,8863.480000000001,1094.799875485147,1094.7968754851463,2016
2044,3,Out,Collected,0.0,C2017003567-0,710-00,"General Office Building [1-50,000]","OFFICE, ONE STORY",Office,sq. ft.,6354.52664,6784.171426827246,6354.52,429.6447868272462,429.6514268272458,2016
2045,3,Out,Collected,0.0,C2017003647-0,210-00,Single Family Detached,SINGLE FAMILY RESIDENTIAL,Single-family,unit,8863.477,9958.276875485148,8863.480000000001,1094.799875485147,1094.7968754851463,2016
2046,3,Out,Collected,0.0,C2017003908-0,210-00,Single Family Detached,SINGLE FAMILY RESIDENTIAL,Single-family,unit,8863.477,9958.276875485148,8863.480000000001,1094.799875485147,1094.7968754851463,2016
2047,3,Out,Collected,0.0,C2017004019-0,210-00,Single Family Detached,SINGLE FAMILY RESIDENTIAL,Single-family,unit,8863.477,9958.276875485148,8863.480000000001,1094.799875485147,1094.7968754851463,2016
2048,3,Out,Collected,0.0,C2017004070-0,210-00,Single Family Detached,SINGLE FAMILY RESIDENTIAL,Single-family,unit,8863.477,9958.276875485148,8863.480000000001,1094.799875485147,1094.7968754851463,2016
2049,3,Out,Collected,0.0,C2017005094-0,944-00,Service Stations w/ Gasoline,SERVICE STATIONS,Commercial/Retail,fuel station,22429.722,37678.875425529346,22429.719999999998,15249.153425529345,15249.155425529349,2016
2050,3,Out,Collected,0.0,C2017007109-0,710-00,"General Office Building [1-50,000]","OFFICE, ONE STORY",Office,sq. ft.,-6498.947700000001,-6938.35714107332,-6498.947939304942,-439.4094410733196,-439.4092017683779,2016
2051,3,Out,Collected,0.0,C2017007109-0,820-00,"Shopping Center/General Retail [1-10,000]","STORES, ONE STORY",Commercial/Retail,sq. ft.,7856.827650000001,8160.666646848599,7856.8279393049415,303.8389968485981,303.8387075436576,2016
2052,3,Out,Collected,0.0,C2017007162-0,210-00,Single Family Detached,SINGLE FAMILY RESIDENTIAL,Single-family,unit,0.0,0.0,0.0,0.0,0.0,2016
2053,3,Out,Collected,0.0,C2017008584-0,210-00,Single Family Detached,SINGLE FAMILY RESIDENTIAL,Single-family,unit,8863.477,9958.276875485148,8863.480000000001,1094.799875485147,1094.7968754851463,2016
2054,3,Out,Collected,0.0,C2017010973-0,210-00,Single Family Detached,SINGLE FAMILY RESIDENTIAL,Single-family,unit,8863.477,9958.276875485148,8863.480000000001,1094.799875485147,1094.7968754851463,2016
2055,3,Out,Collected,0.0,C2017014181-0,210-00,Single Family Detached,SINGLE FAMILY RESIDENTIAL,Single-family,unit,8863.477,9958.276875485148,8863.480000000001,1094.799875485147,1094.7968754851463,2016
2056,3,Out,Collected,0.0,C2017014201-0,210-00,Single Family Detached,SINGLE FAMILY RESIDENTIAL,Single-family,unit,8863.477,9958.276875485148,8863.480000000001,1094.799875485147,1094.7968754851463,2016
2057,3,Out,Collected,0.0,C2017014405-0,210-00,Single Family Detached,SINGLE FAMILY RESIDENTIAL,Single-family,unit,8863.477,9958.276875485148,8863.480000000001,1094.799875485147,1094.7968754851463,2016
2058,3,Out,Collected,0.0,C2017017472-0,210-00,Single Family Detached,SINGLE FAMILY RESIDENTIAL,Single-family,unit,6647.607750000001,7468.70765661386,6647.610000000001,821.0999066138593,821.0976566138597,2016
2059,3,Out,Collected,0.0,C2017018796-0,210-00,Single Family Detached,SINGLE FAMILY RESIDENTIAL,Single-family,unit,8863.477,9958.276875485148,8863.480000000001,1094.799875485147,1094.7968754851463,2016
2060,3,Out,Collected,0.0,C2017018816-0,210-00,Single Family Detached,SINGLE FAMILY RESIDENTIAL,Single-family,unit,8863.477,9958.276875485148,8863.480000000001,1094.799875485147,1094.7968754851463,2016
2061,3,Out,Collected,0.0,C2017019523-0,210-00,Single Family Detached,SINGLE FAMILY RESIDENTIAL,Single-family,unit,8380.498000000001,9958.276875485148,8380.5,1577.7788754851463,1577.7768754851477,2016
2062,3,Out,Collected,0.0,C2017019575-0,210-00,Single Family Detached,SINGLE FAMILY RESIDENTIAL,Single-family,unit,8863.477,9958.276875485148,8863.480000000001,1094.799875485147,1094.7968754851463,2016
2063,3,Out,Collected,0.0,C2017024144-0,210-00,Single Family Detached,SINGLE FAMILY RESIDENTIAL,Single-family,unit,8863.477,9958.276875485148,8863.480000000001,1094.799875485147,1094.7968754851463,2016
2064,3,Out,Collected,0.0,C2017024785-0,150-00,Warehousing,"WAREHOUSING, DISTRIBUTION TERMINALS",Industrial/Manufacturing,sq. ft.,-2420.900482,-956.6458467961779,-2420.9187060913587,1464.254635203822,1464.2728592951808,2016
2065,3,Out,Collected,0.0,C2017024785-0,710-00,"General Office Building [1-50,000]","OFFICE, ONE STORY",Office,sq. ft.,16160.716614,17253.381424135656,16160.838268887586,1092.664810135655,1092.5431552480695,2016
2066,3,Out,Collected,0.0,C2017024785-0,820-00,"Shopping Center/General Retail [1-10,000]","STORES, ONE STORY",Commercial/Retail,sq. ft.,-10440.850966000002,-10844.619232923249,-10440.929562796227,-403.7682669232472,-403.6896701270216,2016
2067,3,Out,Collected,0.0,C2017025841-0,210-00,Single Family Detached,SINGLE FAMILY RESIDENTIAL,Single-family,unit,8863.477,9958.276875485148,8863.480000000001,1094.799875485147,1094.7968754851463,2016
2068,3,Out,Collected,0.0,C2017026650-0,210-00,Single Family Detached,SINGLE FAMILY RESIDENTIAL,Single-family,unit,0.0,0.0,0.0,0.0,0.0,2016
2069,3,Out,Collected,0.0,C2017028447-0,210-00,Single Family Detached,SINGLE FAMILY RESIDENTIAL,Single-family,unit,8380.498000000001,9958.276875485148,8380.5,1577.7788754851463,1577.7768754851477,2016
2070,3,Out,Collected,0.0,C2017029267-0,210-00,Single Family Detached,SINGLE FAMILY RESIDENTIAL,Single-family,unit,8863.477,9958.276875485148,8863.480000000001,1094.799875485147,1094.7968754851463,2016
2071,3,Out,Collected,0.0,C2017036600-0,210-00,Single Family Detached,SINGLE FAMILY RESIDENTIAL,Single-family,unit,0.0,0.0,0.0,0.0,0.0,2016
2072,3,Out,Collected,0.0,C2017039127-0,210-00,Single Family Detached,SINGLE FAMILY RESIDENTIAL,Single-family,unit,8863.477,9958.276875485148,8863.480000000001,1094.799875485147,1094.7968754851463,2016
2073,3,Out,Collected,0.0,C2017039138-0,210-00,Single Family Detached,SINGLE FAMILY RESIDENTIAL,Single-family,unit,8863.477,9958.276875485148,8863.480000000001,1094.799875485147,1094.7968754851463,2016
2074,3,Out,Collected,0.0,C2017039163-0,210-00,Single Family Detached,SINGLE FAMILY RESIDENTIAL,Single-family,unit,8863.477,9958.276875485148,8863.480000000001,1094.799875485147,1094.7968754851463,2016
2075,3,Out,Collected,0.0,C2017039167-0,210-00,Single Family Detached,SINGLE FAMILY RESIDENTIAL,Single-family,unit,8863.477,9958.276875485148,8863.480000000001,1094.799875485147,1094.7968754851463,2016
2076,3,Out,Collected,0.0,C2017039169-0,210-00,Single Family Detached,SINGLE FAMILY RESIDENTIAL,Single-family,unit,8863.477,9958.276875485148,8863.480000000001,1094.799875485147,1094.7968754851463,2016
2077,3,Out,Collected,0.0,C2017039171-0,210-00,Single Family Detached,SINGLE FAMILY RESIDENTIAL,Single-family,unit,8863.477,9958.276875485148,8863.480000000001,1094.799875485147,1094.7968754851463,2016
2078,3,Out,Collected,0.0,C2017039181-0,210-00,Single Family Detached,SINGLE FAMILY RESIDENTIAL,Single-family,unit,8863.477,9958.276875485148,8863.480000000001,1094.799875485147,1094.7968754851463,2016
2079,3,Out,Collected,0.0,C2017039324-0,492-00,Health/Fitness,OUTDOOR RECREATIONAL,Other,sq. ft.,0.0,0.0,0.0,0.0,0.0,2016
2080,3,Out,Collected,0.0,M2011008089-0,550-00,University (20 SF/St),COLLEGES,Other,student,410707.913,158362.75820215823,221413.22021044802,-252345.15479784177,-63050.46200828979,2016
2081,3,Out,Collected,0.0,M2011008089-0,710-00,"General Office Building [1-50,000]","OFFICE, ONE STORY",Office,sq. ft.,-184642.32521,-197126.43566360534,-99540.94021044803,-12484.110453605332,-97585.49545315732,2016
2082,3,Out,Collected,0.0,M2014007186-0,710-00,"General Office Building [1-50,000]","OFFICE, ONE STORY",Office,sq. ft.,453199.36561200005,511680.7112970205,331631.02,58481.34568502044,180049.69129702047,2016
2083,3,Out,Collected,0.0,M2014008466-0,210-00,Single Family Detached,SINGLE FAMILY RESIDENTIAL,Single-family,unit,8863.477,9958.276875485148,6485.879999999999,1094.799875485147,3472.3968754851485,2016
2084,3,Out,Collected,0.0,M2015004468-0,820-04,"Shopping Center/General Retail [200,001-300,000]",COMMUNITY SHOPPING CENTER,Commercial/Retail,sq. ft.,2702385.8791650003,3439601.2905815993,1738199.34,737215.4114165991,1701401.9505815993,2016
2085,3,Out,Collected,0.0,M2015004469-0,222-00,High-Rise Apart or Condo over 3 floors,MULTI-FAMILY 10 OR MORE,Multifamily,unit,408493.89,492903.05827017344,245231.41058612187,84409.16827017342,247671.64768405157,2016
2086,3,Out,Collected,0.0,M2015004469-0,820-04,"Shopping Center/General Retail [200,001-300,000]",COMMUNITY SHOPPING CENTER,Commercial/Retail,sq. ft.,232840.14369000003,296359.32636784983,139781.07941387815,63519.18267784981,156578.24695397168,2016
2087,3,Out,Collected,0.0,M2015004472-0,820-04,"Shopping Center/General Retail [200,001-300,000]",COMMUNITY SHOPPING CENTER,Commercial/Retail,sq. ft.,542677.5971400001,690720.9580554859,349055.19999999995,148043.36091548577,341665.7580554859,2016
2088,3,Out,Collected,0.0,M2015004473-0,222-00,High-Rise Apart or Condo over 3 floors,MULTI-FAMILY 10 OR MORE,Multifamily,unit,700275.24,844976.6713202973,423006.5903973376,144701.4313202973,421970.08092295966,2016
2089,3,Out,Collected,0.0,M2015004473-0,820-04,"Shopping Center/General Retail [200,001-300,000]",COMMUNITY SHOPPING CENTER,Commercial/Retail,sq. ft.,503812.7865750001,641253.7618240992,304331.94960266247,137440.97524909914,336921.81222143676,2016
2090,3,Out,Collected,0.0,M2015008370-0,310-00,Hotel,"HOTELS, MOTELS",Commercial/Retail,room,1515212.9440000001,1710882.6025144954,1247357.770296494,195669.65851449524,463524.83221800136,2016
2091,3,Out,Collected,0.0,M2015008370-0,820-01,"Shopping Center/General Retail [10,001 -50,000]","STORES, ONE STORY",Commercial/Retail,sq. ft.,-182139.62256000002,-142918.73209922854,-149941.4814127186,39220.89046077148,7022.749313490058,2016
2092,3,Out,Collected,0.0,M2015008370-0,932-00,High Turnover Rest.,DRIVE-IN RESTAURANTS,Commercial/Retail,sq. ft.,118048.22064,33628.97993589842,97179.98111622452,-84419.24070410158,-63551.0011803261,2016
2093,3,Out,Collected,0.0,M2015009700-0,210-00,Single Family Detached,SINGLE FAMILY RESIDENTIAL,Single-family,unit,-8380.498000000001,-9958.276875485148,-6899.016699642919,-1577.7788754851463,-3059.260175842229,2016
2094,3,Out,Collected,0.0,M2015009700-0,220-00,Apartment (Rentals),MULTI-FAMILY 10 OR MORE,Multifamily,unit,58843.68000000001,77218.84187346535,48441.45669964291,18375.161873465346,28777.38517382244,2016
2095,3,Out,Collected,0.0,M2015009700-1,220-00,Apartment (Rentals),MULTI-FAMILY 10 OR MORE,Multifamily,unit,0.0,0.0,0.0,0.0,0.0,2016
2096,3,Out,Collected,0.0,M2015009805-0,210-00,Single Family Detached,SINGLE FAMILY RESIDENTIAL,Single-family,unit,0.0,0.0,0.0,0.0,0.0,2016
2097,3,Out,Collected,0.0,M2015010212-0,210-00,Single Family Detached,SINGLE FAMILY RESIDENTIAL,Single-family,unit,8380.498000000001,9958.276875485148,6899.02,1577.7788754851463,3059.2568754851472,2016
2098,3,Out,Collected,0.0,M2015010213-0,210-00,Single Family Detached,SINGLE FAMILY RESIDENTIAL,Single-family,unit,8380.498000000001,9958.276875485148,6899.02,1577.7788754851463,3059.2568754851472,2016
2099,3,Out,Collected,0.0,M2015010797-0,710-02,"General Office Building [100,001-150,000]",PROFESSIONAL BUILDING,Office,sq. ft.,946622.7259300001,1400789.7650456442,779283.4143795952,454167.0391156442,621506.350666049,2016
2100,3,Out,Collected,0.0,M2015010797-0,820-00,"Shopping Center/General Retail [1-10,000]","STORES, ONE STORY",Commercial/Retail,sq. ft.,-49756.405006000015,-54658.33171911482,-40960.712349512,-4901.926713114808,-13697.61936960282,2016
2101,3,Out,Collected,0.0,M2015010797-0,932-00,High Turnover Rest.,DRIVE-IN RESTAURANTS,Commercial/Retail,sq. ft.,19902.419915,5669.700706785343,16384.167969916816,-14232.719208214656,-10714.467263131473,2016
2102,3,Out,Collected,0.0,M2015010807-0,210-00,Single Family Detached,SINGLE FAMILY RESIDENTIAL,Single-family,unit,8863.477,9958.276875485148,7296.62,1094.799875485147,2661.656875485148,2016
2103,3,Out,Collected,0.0,M2015010810-0,210-00,Single Family Detached,SINGLE FAMILY RESIDENTIAL,Single-family,unit,8863.477,9958.276875485148,7296.62,1094.799875485147,2661.656875485148,2016
2104,3,Out,Collected,0.0,M2015010843-0,210-00,Single Family Detached,SINGLE FAMILY RESIDENTIAL,Single-family,unit,8863.477,9958.276875485148,7296.62,1094.799875485147,2661.656875485148,2016
2105,3,Out,Collected,0.0,M2015010937-0,210-00,Single Family Detached,SINGLE FAMILY RESIDENTIAL,Single-family,unit,8863.477,9958.276875485148,7725.740000000001,1094.799875485147,2232.536875485147,2016
2106,3,Out,Collected,0.0,M2015010965-0,210-00,Single Family Detached,SINGLE FAMILY RESIDENTIAL,Single-family,unit,8863.477,9958.276875485148,7296.62,1094.799875485147,2661.656875485148,2016
2107,3,Out,Collected,0.0,M2015010982-0,210-00,Single Family Detached,SINGLE FAMILY RESIDENTIAL,Single-family,unit,8863.477,9958.276875485148,7725.740000000001,1094.799875485147,2232.536875485147,2016
2108,3,Out,Collected,0.0,M2015010988-0,210-00,Single Family Detached,SINGLE FAMILY RESIDENTIAL,Single-family,unit,8863.477,9958.276875485148,7296.62,1094.799875485147,2661.656875485148,2016
2109,3,Out,Collected,0.0,M2015010991-0,210-00,Single Family Detached,SINGLE FAMILY RESIDENTIAL,Single-family,unit,8863.477,9958.276875485148,7725.740000000001,1094.799875485147,2232.536875485147,2016
2110,3,Out,Collected,0.0,M2015010995-0,210-00,Single Family Detached,SINGLE FAMILY RESIDENTIAL,Single-family,unit,8863.477,9958.276875485148,7725.740000000001,1094.799875485147,2232.536875485147,2016
2111,3,Out,Collected,0.0,M2015011275-0,150-00,Warehousing,"WAREHOUSING, DISTRIBUTION TERMINALS",Industrial/Manufacturing,sq. ft.,2802.4775240000004,1171.4780235239184,2522.4100333921797,-1630.999500476082,-1350.9320098682613,2016
2112,3,Out,Collected,0.0,M2015011275-0,710-00,"General Office Building [1-50,000]","OFFICE, ONE STORY",Office,sq. ft.,-32147.029068000003,-36295.31713352577,-28934.39393195763,-4148.288065525769,-7360.923201568141,2016
2113,3,Out,Collected,0.0,M2015011275-0,932-01,High turnover Rest/Seats,"RESTAURANTS, CAFETERIAS",Commercial/Retail,seats,36097.880000000005,13140.686252132191,32490.41389856545,-22957.193747867816,-19349.72764643326,2016
2114,3,Out,Collected,0.0,M2015011601-0,210-00,Single Family Detached,SINGLE FAMILY RESIDENTIAL,Single-family,unit,8863.477,9958.276875485148,7296.62,1094.799875485147,2661.656875485148,2016
2115,3,Out,Collected,0.0,M2015011607-0,210-00,Single Family Detached,SINGLE FAMILY RESIDENTIAL,Single-family,unit,8863.477,9958.276875485148,7296.62,1094.799875485147,2661.656875485148,2016
2116,3,Out,Collected,0.0,M2015011611-0,210-00,Single Family Detached,SINGLE FAMILY RESIDENTIAL,Single-family,unit,8863.477,9958.276875485148,7296.62,1094.799875485147,2661.656875485148,2016
2117,3,Out,Collected,0.0,M2015011662-0,210-00,Single Family Detached,SINGLE FAMILY RESIDENTIAL,Single-family,unit,8863.477,9958.276875485148,7296.62,1094.799875485147,2661.656875485148,2016
2118,3,Out,Collected,0.0,M2015011666-0,210-00,Single Family Detached,SINGLE FAMILY RESIDENTIAL,Single-family,unit,8863.477,9958.276875485148,7296.62,1094.799875485147,2661.656875485148,2016
2119,3,Out,Collected,0.0,M2015011681-0,210-00,Single Family Detached,SINGLE FAMILY RESIDENTIAL,Single-family,unit,8863.477,9958.276875485148,7296.62,1094.799875485147,2661.656875485148,2016
2120,3,Out,Collected,0.0,M2015012261-0,210-00,Single Family Detached,SINGLE FAMILY RESIDENTIAL,Single-family,unit,8863.477,9958.276875485148,7296.62,1094.799875485147,2661.656875485148,2016
2121,3,Out,Collected,0.0,M2015014659-0,210-00,Single Family Detached,SINGLE FAMILY RESIDENTIAL,Single-family,unit,8863.477,9958.276875485148,7296.62,1094.799875485147,2661.656875485148,2016
2122,3,Out,Collected,0.0,M2015014662-0,210-00,Single Family Detached,SINGLE FAMILY RESIDENTIAL,Single-family,unit,8863.477,9958.276875485148,7296.62,1094.799875485147,2661.656875485148,2016
2123,3,Out,Collected,0.0,M2015014666-0,210-00,Single Family Detached,SINGLE FAMILY RESIDENTIAL,Single-family,unit,8863.477,9958.276875485148,7296.62,1094.799875485147,2661.656875485148,2016
2124,3,Out,Collected,0.0,M2015014668-0,210-00,Single Family Detached,SINGLE FAMILY RESIDENTIAL,Single-family,unit,8863.477,9958.276875485148,7296.62,1094.799875485147,2661.656875485148,2016
2125,3,Out,Collected,0.0,M2015014673-0,210-00,Single Family Detached,SINGLE FAMILY RESIDENTIAL,Single-family,unit,8863.477,9958.276875485148,7296.62,1094.799875485147,2661.656875485148,2016
2126,3,Out,Collected,0.0,M2015014674-0,210-00,Single Family Detached,SINGLE FAMILY RESIDENTIAL,Single-family,unit,8863.477,9958.276875485148,7296.62,1094.799875485147,2661.656875485148,2016
2127,3,Out,Collected,0.0,M2015014675-0,210-00,Single Family Detached,SINGLE FAMILY RESIDENTIAL,Single-family,unit,8863.477,9958.276875485148,7296.62,1094.799875485147,2661.656875485148,2016
2128,3,Out,Collected,0.0,M2015014677-0,210-00,Single Family Detached,SINGLE FAMILY RESIDENTIAL,Single-family,unit,8863.477,9958.276875485148,7296.62,1094.799875485147,2661.656875485148,2016
2129,3,Out,Collected,0.0,M2015014681-0,210-00,Single Family Detached,SINGLE FAMILY RESIDENTIAL,Single-family,unit,8863.477,9958.276875485148,7296.62,1094.799875485147,2661.656875485148,2016
2130,3,Out,Collected,0.0,M2015014682-0,210-00,Single Family Detached,SINGLE FAMILY RESIDENTIAL,Single-family,unit,8863.477,9958.276875485148,7296.62,1094.799875485147,2661.656875485148,2016
2131,3,Out,Collected,0.0,M2015014685-0,210-00,Single Family Detached,SINGLE FAMILY RESIDENTIAL,Single-family,unit,8863.477,9958.276875485148,7296.62,1094.799875485147,2661.656875485148,2016
2132,3,Out,Collected,0.0,M2015014686-0,210-00,Single Family Detached,SINGLE FAMILY RESIDENTIAL,Single-family,unit,8863.477,9958.276875485148,7296.62,1094.799875485147,2661.656875485148,2016
2133,3,Out,Collected,0.0,M2015014687-0,210-00,Single Family Detached,SINGLE FAMILY RESIDENTIAL,Single-family,unit,8863.477,9958.276875485148,7296.62,1094.799875485147,2661.656875485148,2016
2134,3,Out,Collected,0.0,M2015014690-0,210-00,Single Family Detached,SINGLE FAMILY RESIDENTIAL,Single-family,unit,8863.477,9958.276875485148,7296.62,1094.799875485147,2661.656875485148,2016
2135,3,Out,Collected,0.0,M2015014691-0,210-00,Single Family Detached,SINGLE FAMILY RESIDENTIAL,Single-family,unit,8863.477,9958.276875485148,7296.62,1094.799875485147,2661.656875485148,2016
2136,3,Out,Collected,0.0,M2015014692-0,210-00,Single Family Detached,SINGLE FAMILY RESIDENTIAL,Single-family,unit,8863.477,9958.276875485148,7296.62,1094.799875485147,2661.656875485148,2016
2137,3,Out,Collected,0.0,M2015014694-0,210-00,Single Family Detached,SINGLE FAMILY RESIDENTIAL,Single-family,unit,8863.477,9958.276875485148,7296.62,1094.799875485147,2661.656875485148,2016
2138,3,Out,Collected,0.0,M2015014695-0,210-00,Single Family Detached,SINGLE FAMILY RESIDENTIAL,Single-family,unit,8863.477,9958.276875485148,7296.62,1094.799875485147,2661.656875485148,2016
2139,3,Out,Collected,0.0,M2015014698-0,210-00,Single Family Detached,SINGLE FAMILY RESIDENTIAL,Single-family,unit,8863.477,9958.276875485148,7296.62,1094.799875485147,2661.656875485148,2016
2140,3,Out,Collected,0.0,M2015014700-0,210-00,Single Family Detached,SINGLE FAMILY RESIDENTIAL,Single-family,unit,8863.477,9958.276875485148,7296.62,1094.799875485147,2661.656875485148,2016
2141,3,Out,Collected,0.0,M2015014702-0,210-00,Single Family Detached,SINGLE FAMILY RESIDENTIAL,Single-family,unit,8863.477,9958.276875485148,7296.62,1094.799875485147,2661.656875485148,2016
2142,3,Out,Collected,0.0,M2015014704-0,210-00,Single Family Detached,SINGLE FAMILY RESIDENTIAL,Single-family,unit,8863.477,9958.276875485148,7296.62,1094.799875485147,2661.656875485148,2016
2143,3,Out,Collected,0.0,M2015014712-0,210-00,Single Family Detached,SINGLE FAMILY RESIDENTIAL,Single-family,unit,8863.477,9958.276875485148,7296.62,1094.799875485147,2661.656875485148,2016
2144,3,Out,Collected,0.0,M2015014714-0,210-00,Single Family Detached,SINGLE FAMILY RESIDENTIAL,Single-family,unit,8863.477,9958.276875485148,7296.62,1094.799875485147,2661.656875485148,2016
2145,3,Out,Collected,0.0,M2015014715-0,210-00,Single Family Detached,SINGLE FAMILY RESIDENTIAL,Single-family,unit,8863.477,9958.276875485148,7296.62,1094.799875485147,2661.656875485148,2016
2146,3,Out,Collected,0.0,M2015014718-0,210-00,Single Family Detached,SINGLE FAMILY RESIDENTIAL,Single-family,unit,8863.477,9958.276875485148,7296.62,1094.799875485147,2661.656875485148,2016
2147,3,Out,Collected,0.0,M2015014719-0,210-00,Single Family Detached,SINGLE FAMILY RESIDENTIAL,Single-family,unit,8863.477,9958.276875485148,7296.62,1094.799875485147,2661.656875485148,2016
2148,3,Out,Collected,0.0,M2015014720-0,210-00,Single Family Detached,SINGLE FAMILY RESIDENTIAL,Single-family,unit,8863.477,9958.276875485148,7296.62,1094.799875485147,2661.656875485148,2016
2149,3,Out,Collected,0.0,M2015014722-0,210-00,Single Family Detached,SINGLE FAMILY RESIDENTIAL,Single-family,unit,8863.477,9958.276875485148,7296.62,1094.799875485147,2661.656875485148,2016
2150,3,Out,Collected,0.0,M2015015089-0,210-00,Single Family Detached,SINGLE FAMILY RESIDENTIAL,Single-family,unit,8863.477,9958.276875485148,7296.62,1094.799875485147,2661.656875485148,2016
2151,3,Out,Collected,0.0,M2015015093-0,210-00,Single Family Detached,SINGLE FAMILY RESIDENTIAL,Single-family,unit,8863.477,9958.276875485148,7296.62,1094.799875485147,2661.656875485148,2016
2152,3,Out,Collected,0.0,M2015015096-0,210-00,Single Family Detached,SINGLE FAMILY RESIDENTIAL,Single-family,unit,8863.477,9958.276875485148,7723.29,1094.799875485147,2234.9868754851477,2016
2153,3,Out,Collected,0.0,M2015015097-0,210-00,Single Family Detached,SINGLE FAMILY RESIDENTIAL,Single-family,unit,8863.477,9958.276875485148,7296.62,1094.799875485147,2661.656875485148,2016
2154,3,Out,Collected,0.0,M2015015100-0,210-00,Single Family Detached,SINGLE FAMILY RESIDENTIAL,Single-family,unit,8863.477,9958.276875485148,7296.62,1094.799875485147,2661.656875485148,2016
2155,3,Out,Collected,0.0,M2015015108-0,210-00,Single Family Detached,SINGLE FAMILY RESIDENTIAL,Single-family,unit,8863.477,9958.276875485148,7296.62,1094.799875485147,2661.656875485148,2016
2156,3,Out,Collected,0.0,M2015015112-0,210-00,Single Family Detached,SINGLE FAMILY RESIDENTIAL,Single-family,unit,8863.477,9958.276875485148,7296.62,1094.799875485147,2661.656875485148,2016
2157,3,Out,Collected,0.0,M2015015113-0,210-00,Single Family Detached,SINGLE FAMILY RESIDENTIAL,Single-family,unit,8863.477,9958.276875485148,7296.62,1094.799875485147,2661.656875485148,2016
2158,3,Out,Collected,0.0,M2015015114-0,210-00,Single Family Detached,SINGLE FAMILY RESIDENTIAL,Single-family,unit,8863.477,9958.276875485148,7296.62,1094.799875485147,2661.656875485148,2016
2159,3,Out,Collected,0.0,M2015015116-0,210-00,Single Family Detached,SINGLE FAMILY RESIDENTIAL,Single-family,unit,8863.477,9958.276875485148,7296.62,1094.799875485147,2661.656875485148,2016
2160,3,Out,Collected,0.0,M2015015125-0,210-00,Single Family Detached,SINGLE FAMILY RESIDENTIAL,Single-family,unit,8863.477,9958.276875485148,7296.62,1094.799875485147,2661.656875485148,2016
2161,3,Out,Collected,0.0,M2015015134-0,210-00,Single Family Detached,SINGLE FAMILY RESIDENTIAL,Single-family,unit,8863.477,9958.276875485148,7296.62,1094.799875485147,2661.656875485148,2016
2162,3,Out,Collected,0.0,M2015015136-0,210-00,Single Family Detached,SINGLE FAMILY RESIDENTIAL,Single-family,unit,8863.477,9958.276875485148,7296.62,1094.799875485147,2661.656875485148,2016
2163,3,Out,Collected,0.0,M2015015137-0,210-00,Single Family Detached,SINGLE FAMILY RESIDENTIAL,Single-family,unit,8863.477,9958.276875485148,7296.62,1094.799875485147,2661.656875485148,2016
2164,3,Out,Collected,0.0,M2015015138-0,210-00,Single Family Detached,SINGLE FAMILY RESIDENTIAL,Single-family,unit,8863.477,9958.276875485148,7296.62,1094.799875485147,2661.656875485148,2016
2165,3,Out,Collected,0.0,M2015015139-0,210-00,Single Family Detached,SINGLE FAMILY RESIDENTIAL,Single-family,unit,8863.477,9958.276875485148,7296.62,1094.799875485147,2661.656875485148,2016
2166,3,Out,Collected,0.0,M2015015140-0,210-00,Single Family Detached,SINGLE FAMILY RESIDENTIAL,Single-family,unit,8863.477,9958.276875485148,7296.62,1094.799875485147,2661.656875485148,2016
2167,3,Out,Collected,0.0,M2015015143-0,210-00,Single Family Detached,SINGLE FAMILY RESIDENTIAL,Single-family,unit,8863.477,9958.276875485148,7296.62,1094.799875485147,2661.656875485148,2016
2168,3,Out,Collected,0.0,M2015015144-0,210-00,Single Family Detached,SINGLE FAMILY RESIDENTIAL,Single-family,unit,8863.477,9958.276875485148,7296.62,1094.799875485147,2661.656875485148,2016
2169,3,Out,Collected,0.0,M2015015146-0,210-00,Single Family Detached,SINGLE FAMILY RESIDENTIAL,Single-family,unit,8863.477,9958.276875485148,7296.62,1094.799875485147,2661.656875485148,2016
2170,3,Out,Collected,0.0,M2015015150-0,210-00,Single Family Detached,SINGLE FAMILY RESIDENTIAL,Single-family,unit,8863.477,9958.276875485148,7296.62,1094.799875485147,2661.656875485148,2016
2171,3,Out,Collected,0.0,M2015015152-0,210-00,Single Family Detached,SINGLE FAMILY RESIDENTIAL,Single-family,unit,8863.477,9958.276875485148,7296.62,1094.799875485147,2661.656875485148,2016
2172,3,Out,Collected,0.0,M2015015157-0,210-00,Single Family Detached,SINGLE FAMILY RESIDENTIAL,Single-family,unit,8863.477,9958.276875485148,7296.62,1094.799875485147,2661.656875485148,2016
2173,3,Out,Collected,0.0,M2015015159-0,210-00,Single Family Detached,SINGLE FAMILY RESIDENTIAL,Single-family,unit,8863.477,9958.276875485148,7296.62,1094.799875485147,2661.656875485148,2016
2174,3,Out,Collected,0.0,M2015015162-0,210-00,Single Family Detached,SINGLE FAMILY RESIDENTIAL,Single-family,unit,8863.477,9958.276875485148,7296.62,1094.799875485147,2661.656875485148,2016
2175,3,Out,Collected,0.0,M2015015164-0,210-00,Single Family Detached,SINGLE FAMILY RESIDENTIAL,Single-family,unit,8863.477,9958.276875485148,7296.62,1094.799875485147,2661.656875485148,2016
2176,3,Out,Collected,0.0,M2015015165-0,210-00,Single Family Detached,SINGLE FAMILY RESIDENTIAL,Single-family,unit,8863.477,9958.276875485148,7296.62,1094.799875485147,2661.656875485148,2016
2177,3,Out,Collected,0.0,M2015015168-0,210-00,Single Family Detached,SINGLE FAMILY RESIDENTIAL,Single-family,unit,8863.477,9958.276875485148,7296.62,1094.799875485147,2661.656875485148,2016
2178,3,Out,Collected,0.0,M2015015170-0,210-00,Single Family Detached,SINGLE FAMILY RESIDENTIAL,Single-family,unit,8863.477,9958.276875485148,7296.62,1094.799875485147,2661.656875485148,2016
2179,3,Out,Collected,0.0,M2015015172-0,210-00,Single Family Detached,SINGLE FAMILY RESIDENTIAL,Single-family,unit,8863.477,9958.276875485148,7296.62,1094.799875485147,2661.656875485148,2016
2180,3,Out,Collected,0.0,M2015015173-0,210-00,Single Family Detached,SINGLE FAMILY RESIDENTIAL,Single-family,unit,8863.477,9958.276875485148,7296.62,1094.799875485147,2661.656875485148,2016
2181,3,Out,Collected,0.0,M2015015175-0,210-00,Single Family Detached,SINGLE FAMILY RESIDENTIAL,Single-family,unit,8863.477,9958.276875485148,7296.62,1094.799875485147,2661.656875485148,2016
2182,3,Out,Collected,0.0,M2015015177-0,210-00,Single Family Detached,SINGLE FAMILY RESIDENTIAL,Single-family,unit,8863.477,9958.276875485148,7296.62,1094.799875485147,2661.656875485148,2016
2183,3,Out,Collected,0.0,M2015015179-0,210-00,Single Family Detached,SINGLE FAMILY RESIDENTIAL,Single-family,unit,8863.477,9958.276875485148,7296.62,1094.799875485147,2661.656875485148,2016
2184,3,Out,Collected,0.0,M2015015180-0,210-00,Single Family Detached,SINGLE FAMILY RESIDENTIAL,Single-family,unit,8863.477,9958.276875485148,7296.62,1094.799875485147,2661.656875485148,2016
2185,3,Out,Collected,0.0,M2015015181-0,210-00,Single Family Detached,SINGLE FAMILY RESIDENTIAL,Single-family,unit,8863.477,9958.276875485148,7296.62,1094.799875485147,2661.656875485148,2016
2186,3,Out,Collected,0.0,M2015015183-0,210-00,Single Family Detached,SINGLE FAMILY RESIDENTIAL,Single-family,unit,8863.477,9958.276875485148,7296.62,1094.799875485147,2661.656875485148,2016
2187,3,Out,Collected,0.0,M2015015185-0,210-00,Single Family Detached,SINGLE FAMILY RESIDENTIAL,Single-family,unit,8863.477,9958.276875485148,7296.62,1094.799875485147,2661.656875485148,2016
2188,3,Out,Collected,0.0,M2015015187-0,210-00,Single Family Detached,SINGLE FAMILY RESIDENTIAL,Single-family,unit,8863.477,9958.276875485148,7296.62,1094.799875485147,2661.656875485148,2016
2189,3,Out,Collected,0.0,M2015015239-0,210-00,Single Family Detached,SINGLE FAMILY RESIDENTIAL,Single-family,unit,8863.477,9958.276875485148,7296.62,1094.799875485147,2661.656875485148,2016
2190,3,Out,Collected,0.0,M2015015241-0,210-00,Single Family Detached,SINGLE FAMILY RESIDENTIAL,Single-family,unit,8863.477,9958.276875485148,7296.62,1094.799875485147,2661.656875485148,2016
2191,3,Out,Collected,0.0,M2015015243-0,210-00,Single Family Detached,SINGLE FAMILY RESIDENTIAL,Single-family,unit,8863.477,9958.276875485148,7296.62,1094.799875485147,2661.656875485148,2016
2192,3,Out,Collected,0.0,M2015015249-0,210-00,Single Family Detached,SINGLE FAMILY RESIDENTIAL,Single-family,unit,8863.477,9958.276875485148,7296.62,1094.799875485147,2661.656875485148,2016
2193,3,Out,Collected,0.0,M2015015844-0,150-00,Warehousing,"WAREHOUSING, DISTRIBUTION TERMINALS",Industrial/Manufacturing,sq. ft.,8785.196000000002,3672.3449013288982,7232.200000000001,-5112.8510986711035,-3559.8550986711025,2016
2194,3,Out,Collected,0.0,M2015015928-0,210-00,Single Family Detached,SINGLE FAMILY RESIDENTIAL,Single-family,unit,8380.498000000001,9958.276875485148,6899.02,1577.7788754851463,3059.2568754851472,2016
2195,3,Out,Collected,0.0,M2016000144-0,610-00,Hospital,HOSPITALS,Other,sq. ft.,232156.372448,158533.52537765302,202292.09,-73622.847070347,-43758.56462234698,2016
2196,3,Out,Collected,0.0,M2016000982-0,231-00,Duplex,MULTI-FAMILY LESS THAN 10,Multifamily,unit,3890.418,3628.8636071683177,4728.44,-261.55439283168243,-1099.576392831682,2016
2197,3,Out,Collected,0.0,M2016000983-0,231-00,Duplex,MULTI-FAMILY LESS THAN 10,Multifamily,unit,3890.418,3628.8636071683177,4728.44,-261.55439283168243,-1099.576392831682,2016
2198,3,Out,Collected,0.0,M2016001004-0,231-00,Duplex,MULTI-FAMILY LESS THAN 10,Multifamily,unit,3890.418,3628.8636071683177,4728.44,-261.55439283168243,-1099.576392831682,2016
2199,3,Out,Collected,0.0,M2016001009-0,231-00,Duplex,MULTI-FAMILY LESS THAN 10,Multifamily,unit,3890.418,3628.8636071683177,4728.44,-261.55439283168243,-1099.576392831682,2016
2200,3,Out,Collected,0.0,M2016001012-0,231-00,Duplex,MULTI-FAMILY LESS THAN 10,Multifamily,unit,3890.418,3628.8636071683177,4728.44,-261.55439283168243,-1099.576392831682,2016
2201,3,Out,Collected,0.0,M2016001054-0,231-00,Duplex,MULTI-FAMILY LESS THAN 10,Multifamily,unit,3890.418,3628.8636071683177,4728.44,-261.55439283168243,-1099.576392831682,2016
2202,3,Out,Collected,0.0,M2016001055-0,231-00,Duplex,MULTI-FAMILY LESS THAN 10,Multifamily,unit,3890.418,3628.8636071683177,4728.44,-261.55439283168243,-1099.576392831682,2016
2203,3,Out,Collected,0.0,M2016001066-0,231-00,Duplex,MULTI-FAMILY LESS THAN 10,Multifamily,unit,3890.418,3628.8636071683177,4728.44,-261.55439283168243,-1099.576392831682,2016
2204,3,Out,Collected,0.0,M2016001068-0,231-00,Duplex,MULTI-FAMILY LESS THAN 10,Multifamily,unit,3890.418,3628.8636071683177,4728.44,-261.55439283168243,-1099.576392831682,2016
2205,3,Out,Collected,0.0,M2016001069-0,231-00,Duplex,MULTI-FAMILY LESS THAN 10,Multifamily,unit,3890.418,3628.8636071683177,4728.44,-261.55439283168243,-1099.576392831682,2016
2206,3,Out,Collected,0.0,M2016001089-0,231-00,Duplex,MULTI-FAMILY LESS THAN 10,Multifamily,unit,3890.418,3628.8636071683177,4728.44,-261.55439283168243,-1099.576392831682,2016
2207,3,Out,Collected,0.0,M2016001094-0,231-00,Duplex,MULTI-FAMILY LESS THAN 10,Multifamily,unit,3890.418,3628.8636071683177,4728.44,-261.55439283168243,-1099.576392831682,2016
2208,3,Out,Collected,0.0,M2016001095-0,231-00,Duplex,MULTI-FAMILY LESS THAN 10,Multifamily,unit,3890.418,3628.8636071683177,4728.44,-261.55439283168243,-1099.576392831682,2016
2209,3,Out,Collected,0.0,M2016001096-0,231-00,Duplex,MULTI-FAMILY LESS THAN 10,Multifamily,unit,3890.418,3628.8636071683177,4728.44,-261.55439283168243,-1099.576392831682,2016
2210,3,Out,Collected,0.0,M2016001553-0,210-00,Single Family Detached,SINGLE FAMILY RESIDENTIAL,Single-family,unit,0.0,0.0,0.0,0.0,0.0,2016
2211,3,Out,Collected,0.0,M2016002079-0,210-00,Single Family Detached,SINGLE FAMILY RESIDENTIAL,Single-family,unit,8863.477,9958.276875485148,7723.29,1094.799875485147,2234.9868754851477,2016
2212,3,Out,Collected,0.0,M2016002415-0,222-00,High-Rise Apart or Condo over 3 floors,MULTI-FAMILY 10 OR MORE,Multifamily,unit,779678.76,995194.7462216836,679074.7754152068,215515.98622168356,316119.9708064768,2016
2213,3,Out,Collected,0.0,M2016002415-0,310-00,Hotel,"HOTELS, MOTELS",Commercial/Retail,room,-890070.4489600001,-1005011.2442399582,-775222.3367367662,-114940.79527995817,-229788.90750319208,2016
2214,3,Out,Collected,0.0,M2016002415-0,311-00,All Suites Hotel,"HOTELS, MOTELS",Commercial/Retail,room,0.0,0.0,0.0,0.0,0.0,2016
2215,3,Out,Collected,0.0,M2016002415-0,932-00,High Turnover Rest.,DRIVE-IN RESTAURANTS,Commercial/Retail,sq. ft.,110670.20685,31527.168689904767,96390.14132155945,-79143.03816009524,-64862.97263165469,2016
2216,3,Out,Collected,0.0,M2016002924-0,150-00,Warehousing,"WAREHOUSING, DISTRIBUTION TERMINALS",Industrial/Manufacturing,sq. ft.,-31661.846384000004,-13235.131024389348,-27589.0184630102,18426.71535961066,14353.887438620854,2016
2217,3,Out,Collected,0.0,M2016002924-0,710-00,"General Office Building [1-50,000]","OFFICE, ONE STORY",Office,sq. ft.,98434.91313600002,111137.06282856998,85772.7184630102,12702.149692569961,25364.34436555978,2016
2218,3,Out,Collected,0.0,M2016004101-0,231-00,Duplex,MULTI-FAMILY LESS THAN 10,Multifamily,unit,35013.762,32659.77246451486,42555.94,-2353.9895354851433,-9896.167535485143,2016
2219,3,Out,Collected,0.0,M2016004129-0,550-00,University (20 SF/St),COLLEGES,Other,student,1153056.975,444601.32650338544,1004728.7200000002,-708455.6484966147,-560127.3934966148,2016
2220,3,Out,Collected,0.0,M2016004162-0,210-00,Single Family Detached,SINGLE FAMILY RESIDENTIAL,Single-family,unit,8380.498000000001,9958.276875485148,7302.4400000000005,1577.7788754851463,2655.836875485147,2016
2221,3,Out,Collected,0.0,M2016004226-0,231-00,Duplex,MULTI-FAMILY LESS THAN 10,Multifamily,unit,46685.016,43546.36328601981,56741.26,-3138.652713980191,-13194.89671398019,2016
2222,3,Out,Collected,0.0,M2016004508-0,210-00,Single Family Detached,SINGLE FAMILY RESIDENTIAL,Single-family,unit,8863.477,9958.276875485148,8581.43,1094.799875485147,1376.8468754851474,2016
2223,3,Out,Collected,0.0,M2016004509-0,210-00,Single Family Detached,SINGLE FAMILY RESIDENTIAL,Single-family,unit,8863.477,9958.276875485148,8581.43,1094.799875485147,1376.8468754851474,2016
2224,3,Out,Collected,0.0,M2016004511-0,210-00,Single Family Detached,SINGLE FAMILY RESIDENTIAL,Single-family,unit,8863.477,9958.276875485148,8581.43,1094.799875485147,1376.8468754851474,2016
2225,3,Out,Collected,0.0,M2016004513-0,210-00,Single Family Detached,SINGLE FAMILY RESIDENTIAL,Single-family,unit,8863.477,9958.276875485148,8581.43,1094.799875485147,1376.8468754851474,2016
2226,3,Out,Collected,0.0,M2016004515-0,210-00,Single Family Detached,SINGLE FAMILY RESIDENTIAL,Single-family,unit,8863.477,9958.276875485148,8581.43,1094.799875485147,1376.8468754851474,2016
2227,3,Out,Collected,0.0,M2016004516-0,210-00,Single Family Detached,SINGLE FAMILY RESIDENTIAL,Single-family,unit,8863.477,9958.276875485148,8581.43,1094.799875485147,1376.8468754851474,2016
2228,3,Out,Collected,0.0,M2016004518-0,210-00,Single Family Detached,SINGLE FAMILY RESIDENTIAL,Single-family,unit,8863.477,9958.276875485148,8581.43,1094.799875485147,1376.8468754851474,2016
2229,3,Out,Collected,0.0,M2016004759-0,210-00,Single Family Detached,SINGLE FAMILY RESIDENTIAL,Single-family,unit,0.0,0.0,0.0,0.0,0.0,2016
2230,3,Out,Collected,0.0,M2016004857-0,820-03,"Shopping Center/General Retail [100,001-200,000]",COMMUNITY SHOPPING CENTER,Commercial/Retail,sq. ft.,120305.78560000002,167254.88110405442,116477.44,46949.09550405441,50777.44110405442,2016
2231,3,Out,Collected,0.0,M2016004952-0,210-00,Single Family Detached,SINGLE FAMILY RESIDENTIAL,Single-family,unit,8863.477,9958.276875485148,8581.43,1094.799875485147,1376.8468754851474,2016
2232,3,Out,Collected,0.0,M2016004954-0,210-00,Single Family Detached,SINGLE FAMILY RESIDENTIAL,Single-family,unit,8863.477,9958.276875485148,8581.43,1094.799875485147,1376.8468754851474,2016
2233,3,Out,Collected,0.0,M2016004955-0,210-00,Single Family Detached,SINGLE FAMILY RESIDENTIAL,Single-family,unit,8863.477,9958.276875485148,8581.43,1094.799875485147,1376.8468754851474,2016
2234,3,Out,Collected,0.0,M2016004956-0,210-00,Single Family Detached,SINGLE FAMILY RESIDENTIAL,Single-family,unit,8863.477,9958.276875485148,8581.43,1094.799875485147,1376.8468754851474,2016
2235,3,Out,Collected,0.0,M2016004957-0,210-00,Single Family Detached,SINGLE FAMILY RESIDENTIAL,Single-family,unit,8863.477,9958.276875485148,8581.43,1094.799875485147,1376.8468754851474,2016
2236,3,Out,Collected,0.0,M2016004958-0,210-00,Single Family Detached,SINGLE FAMILY RESIDENTIAL,Single-family,unit,8863.477,9958.276875485148,8581.43,1094.799875485147,1376.8468754851474,2016
2237,3,Out,Collected,0.0,M2016004959-0,210-00,Single Family Detached,SINGLE FAMILY RESIDENTIAL,Single-family,unit,8863.477,9958.276875485148,8581.43,1094.799875485147,1376.8468754851474,2016
2238,3,Out,Collected,0.0,M2016004962-0,210-00,Single Family Detached,SINGLE FAMILY RESIDENTIAL,Single-family,unit,8863.477,9958.276875485148,8581.43,1094.799875485147,1376.8468754851474,2016
2239,3,Out,Collected,0.0,M2016004963-0,210-00,Single Family Detached,SINGLE FAMILY RESIDENTIAL,Single-family,unit,8863.477,9958.276875485148,8581.43,1094.799875485147,1376.8468754851474,2016
2240,3,Out,Collected,0.0,M2016004965-0,210-00,Single Family Detached,SINGLE FAMILY RESIDENTIAL,Single-family,unit,8863.477,9958.276875485148,8581.43,1094.799875485147,1376.8468754851474,2016
2241,3,Out,Collected,0.0,M2016004967-0,210-00,Single Family Detached,SINGLE FAMILY RESIDENTIAL,Single-family,unit,8863.477,9958.276875485148,8581.43,1094.799875485147,1376.8468754851474,2016
2242,3,Out,Collected,0.0,M2016004969-0,210-00,Single Family Detached,SINGLE FAMILY RESIDENTIAL,Single-family,unit,8863.477,9958.276875485148,8581.43,1094.799875485147,1376.8468754851474,2016
2243,3,Out,Collected,0.0,M2016004970-0,210-00,Single Family Detached,SINGLE FAMILY RESIDENTIAL,Single-family,unit,8863.477,9958.276875485148,8581.43,1094.799875485147,1376.8468754851474,2016
2244,3,Out,Collected,0.0,M2016004971-0,210-00,Single Family Detached,SINGLE FAMILY RESIDENTIAL,Single-family,unit,8863.477,9958.276875485148,8581.43,1094.799875485147,1376.8468754851474,2016
2245,3,Out,Collected,0.0,M2016004973-0,210-00,Single Family Detached,SINGLE FAMILY RESIDENTIAL,Single-family,unit,8863.477,9958.276875485148,8581.43,1094.799875485147,1376.8468754851474,2016
2246,3,Out,Collected,0.0,M2016004975-0,210-00,Single Family Detached,SINGLE FAMILY RESIDENTIAL,Single-family,unit,8863.477,9958.276875485148,8581.43,1094.799875485147,1376.8468754851474,2016
2247,3,Out,Collected,0.0,M2016004978-0,210-00,Single Family Detached,SINGLE FAMILY RESIDENTIAL,Single-family,unit,8863.477,9958.276875485148,8581.43,1094.799875485147,1376.8468754851474,2016
2248,3,Out,Collected,0.0,M2016004979-0,210-00,Single Family Detached,SINGLE FAMILY RESIDENTIAL,Single-family,unit,8863.477,9958.276875485148,8581.43,1094.799875485147,1376.8468754851474,2016
2249,3,Out,Collected,0.0,M2016004980-0,210-00,Single Family Detached,SINGLE FAMILY RESIDENTIAL,Single-family,unit,8863.477,9958.276875485148,8581.43,1094.799875485147,1376.8468754851474,2016
2250,3,Out,Collected,0.0,M2016004981-0,210-00,Single Family Detached,SINGLE FAMILY RESIDENTIAL,Single-family,unit,8863.477,9958.276875485148,8581.43,1094.799875485147,1376.8468754851474,2016
2251,3,Out,Collected,0.0,M2016004985-0,210-00,Single Family Detached,SINGLE FAMILY RESIDENTIAL,Single-family,unit,8863.477,9958.276875485148,8581.43,1094.799875485147,1376.8468754851474,2016
2252,3,Out,Collected,0.0,M2016004988-0,210-00,Single Family Detached,SINGLE FAMILY RESIDENTIAL,Single-family,unit,8863.477,9958.276875485148,8581.43,1094.799875485147,1376.8468754851474,2016
2253,3,Out,Collected,0.0,M2016004990-0,210-00,Single Family Detached,SINGLE FAMILY RESIDENTIAL,Single-family,unit,8863.477,9958.276875485148,8581.43,1094.799875485147,1376.8468754851474,2016
2254,3,Out,Collected,0.0,M2016004991-0,210-00,Single Family Detached,SINGLE FAMILY RESIDENTIAL,Single-family,unit,8863.477,9958.276875485148,8581.43,1094.799875485147,1376.8468754851474,2016
2255,3,Out,Collected,0.0,M2016004993-0,210-00,Single Family Detached,SINGLE FAMILY RESIDENTIAL,Single-family,unit,8863.477,9958.276875485148,8581.43,1094.799875485147,1376.8468754851474,2016
2256,3,Out,Collected,0.0,M2016004995-0,210-00,Single Family Detached,SINGLE FAMILY RESIDENTIAL,Single-family,unit,8863.477,9958.276875485148,8581.43,1094.799875485147,1376.8468754851474,2016
2257,3,Out,Collected,0.0,M2016004996-0,210-00,Single Family Detached,SINGLE FAMILY RESIDENTIAL,Single-family,unit,8863.477,9958.276875485148,8581.43,1094.799875485147,1376.8468754851474,2016
2258,3,Out,Collected,0.0,M2016004998-0,210-00,Single Family Detached,SINGLE FAMILY RESIDENTIAL,Single-family,unit,8863.477,9958.276875485148,8581.43,1094.799875485147,1376.8468754851474,2016
2259,3,Out,Collected,0.0,M2016004999-0,210-00,Single Family Detached,SINGLE FAMILY RESIDENTIAL,Single-family,unit,8863.477,9958.276875485148,8581.43,1094.799875485147,1376.8468754851474,2016
2260,3,Out,Collected,0.0,M2016005000-0,210-00,Single Family Detached,SINGLE FAMILY RESIDENTIAL,Single-family,unit,8863.477,9958.276875485148,8581.43,1094.799875485147,1376.8468754851474,2016
2261,3,Out,Collected,0.0,M2016005002-0,210-00,Single Family Detached,SINGLE FAMILY RESIDENTIAL,Single-family,unit,8863.477,9958.276875485148,8581.43,1094.799875485147,1376.8468754851474,2016
2262,3,Out,Collected,0.0,M2016005004-0,210-00,Single Family Detached,SINGLE FAMILY RESIDENTIAL,Single-family,unit,8863.477,9958.276875485148,8581.43,1094.799875485147,1376.8468754851474,2016
2263,3,Out,Collected,0.0,M2016005006-0,210-00,Single Family Detached,SINGLE FAMILY RESIDENTIAL,Single-family,unit,8863.477,9958.276875485148,8581.43,1094.799875485147,1376.8468754851474,2016
2264,3,Out,Collected,0.0,M2016005007-0,210-00,Single Family Detached,SINGLE FAMILY RESIDENTIAL,Single-family,unit,8863.477,9958.276875485148,8581.43,1094.799875485147,1376.8468754851474,2016
2265,3,Out,Collected,0.0,M2016005009-0,210-00,Single Family Detached,SINGLE FAMILY RESIDENTIAL,Single-family,unit,8863.477,9958.276875485148,8581.43,1094.799875485147,1376.8468754851474,2016
2266,3,Out,Collected,0.0,M2016005013-0,210-00,Single Family Detached,SINGLE FAMILY RESIDENTIAL,Single-family,unit,8863.477,9958.276875485148,8581.43,1094.799875485147,1376.8468754851474,2016
2267,3,Out,Collected,0.0,M2016005014-0,210-00,Single Family Detached,SINGLE FAMILY RESIDENTIAL,Single-family,unit,8863.477,9958.276875485148,8581.43,1094.799875485147,1376.8468754851474,2016
2268,3,Out,Collected,0.0,M2016005015-0,210-00,Single Family Detached,SINGLE FAMILY RESIDENTIAL,Single-family,unit,8863.477,9958.276875485148,8581.43,1094.799875485147,1376.8468754851474,2016
2269,3,Out,Collected,0.0,M2016005016-0,210-00,Single Family Detached,SINGLE FAMILY RESIDENTIAL,Single-family,unit,8863.477,9958.276875485148,8581.43,1094.799875485147,1376.8468754851474,2016
2270,3,Out,Collected,0.0,M2016005017-0,210-00,Single Family Detached,SINGLE FAMILY RESIDENTIAL,Single-family,unit,8863.477,9958.276875485148,8581.43,1094.799875485147,1376.8468754851474,2016
2271,3,Out,Collected,0.0,M2016005019-0,210-00,Single Family Detached,SINGLE FAMILY RESIDENTIAL,Single-family,unit,8863.477,9958.276875485148,8581.43,1094.799875485147,1376.8468754851474,2016
2272,3,Out,Collected,0.0,M2016005021-0,210-00,Single Family Detached,SINGLE FAMILY RESIDENTIAL,Single-family,unit,8863.477,9958.276875485148,8581.43,1094.799875485147,1376.8468754851474,2016
2273,3,Out,Collected,0.0,M2016005023-0,210-00,Single Family Detached,SINGLE FAMILY RESIDENTIAL,Single-family,unit,8863.477,9958.276875485148,8581.43,1094.799875485147,1376.8468754851474,2016
2274,3,Out,Collected,0.0,M2016005026-0,210-00,Single Family Detached,SINGLE FAMILY RESIDENTIAL,Single-family,unit,8863.477,9958.276875485148,8581.43,1094.799875485147,1376.8468754851474,2016
2275,3,Out,Collected,0.0,M2016005028-0,210-00,Single Family Detached,SINGLE FAMILY RESIDENTIAL,Single-family,unit,8863.477,9958.276875485148,8581.43,1094.799875485147,1376.8468754851474,2016
2276,3,Out,Collected,0.0,M2016005030-0,210-00,Single Family Detached,SINGLE FAMILY RESIDENTIAL,Single-family,unit,8863.477,9958.276875485148,8581.43,1094.799875485147,1376.8468754851474,2016
2277,3,Out,Collected,0.0,M2016005031-0,210-00,Single Family Detached,SINGLE FAMILY RESIDENTIAL,Single-family,unit,8863.477,9958.276875485148,8581.43,1094.799875485147,1376.8468754851474,2016
2278,3,Out,Collected,0.0,M2016005032-0,210-00,Single Family Detached,SINGLE FAMILY RESIDENTIAL,Single-family,unit,8863.477,9958.276875485148,8581.43,1094.799875485147,1376.8468754851474,2016
2279,3,Out,Collected,0.0,M2016005033-0,210-00,Single Family Detached,SINGLE FAMILY RESIDENTIAL,Single-family,unit,8863.477,9958.276875485148,8581.43,1094.799875485147,1376.8468754851474,2016
2280,3,Out,Collected,0.0,M2016005072-0,610-00,Hospital,HOSPITALS,Other,sq. ft.,5367.394368,3665.2534766918493,5196.6,-1702.140891308151,-1531.346523308151,2016
2281,3,Out,Collected,0.0,M2016005123-0,210-00,Single Family Detached,SINGLE FAMILY RESIDENTIAL,Single-family,unit,8863.477,9958.276875485148,8581.43,1094.799875485147,1376.8468754851474,2016
2282,3,Out,Collected,0.0,M2016005331-0,210-00,Single Family Detached,SINGLE FAMILY RESIDENTIAL,Single-family,unit,8863.477,9958.276875485148,8581.43,1094.799875485147,1376.8468754851474,2016
2283,3,Out,Collected,0.0,M2016005332-0,210-00,Single Family Detached,SINGLE FAMILY RESIDENTIAL,Single-family,unit,8863.477,9958.276875485148,8581.43,1094.799875485147,1376.8468754851474,2016
2284,3,Out,Collected,0.0,M2016005333-0,210-00,Single Family Detached,SINGLE FAMILY RESIDENTIAL,Single-family,unit,8863.477,9958.276875485148,8581.43,1094.799875485147,1376.8468754851474,2016
2285,3,Out,Collected,0.0,M2016005334-0,210-00,Single Family Detached,SINGLE FAMILY RESIDENTIAL,Single-family,unit,8863.477,9958.276875485148,8581.43,1094.799875485147,1376.8468754851474,2016
2286,3,Out,Collected,0.0,M2016005335-0,210-00,Single Family Detached,SINGLE FAMILY RESIDENTIAL,Single-family,unit,8863.477,9958.276875485148,8581.43,1094.799875485147,1376.8468754851474,2016
2287,3,Out,Collected,0.0,M2016005336-0,210-00,Single Family Detached,SINGLE FAMILY RESIDENTIAL,Single-family,unit,8863.477,9958.276875485148,8581.43,1094.799875485147,1376.8468754851474,2016
2288,3,Out,Collected,0.0,M2016005337-0,210-00,Single Family Detached,SINGLE FAMILY RESIDENTIAL,Single-family,unit,8863.477,9958.276875485148,8581.43,1094.799875485147,1376.8468754851474,2016
2289,3,Out,Collected,0.0,M2016005338-0,210-00,Single Family Detached,SINGLE FAMILY RESIDENTIAL,Single-family,unit,8863.477,9958.276875485148,8581.43,1094.799875485147,1376.8468754851474,2016
2290,3,Out,Collected,0.0,M2016005339-0,210-00,Single Family Detached,SINGLE FAMILY RESIDENTIAL,Single-family,unit,8863.477,9958.276875485148,8581.43,1094.799875485147,1376.8468754851474,2016
2291,3,Out,Collected,0.0,M2016005341-0,210-00,Single Family Detached,SINGLE FAMILY RESIDENTIAL,Single-family,unit,8863.477,9958.276875485148,8581.43,1094.799875485147,1376.8468754851474,2016
2292,3,Out,Collected,0.0,M2016005342-0,210-00,Single Family Detached,SINGLE FAMILY RESIDENTIAL,Single-family,unit,8863.477,9958.276875485148,8581.43,1094.799875485147,1376.8468754851474,2016
2293,3,Out,Collected,0.0,M2016005343-0,210-00,Single Family Detached,SINGLE FAMILY RESIDENTIAL,Single-family,unit,8863.477,9958.276875485148,8581.43,1094.799875485147,1376.8468754851474,2016
2294,3,Out,Collected,0.0,M2016005344-0,210-00,Single Family Detached,SINGLE FAMILY RESIDENTIAL,Single-family,unit,8863.477,9958.276875485148,8581.43,1094.799875485147,1376.8468754851474,2016
2295,3,Out,Collected,0.0,M2016005346-0,210-00,Single Family Detached,SINGLE FAMILY RESIDENTIAL,Single-family,unit,8863.477,9958.276875485148,8581.43,1094.799875485147,1376.8468754851474,2016
2296,3,Out,Collected,0.0,M2016005347-0,210-00,Single Family Detached,SINGLE FAMILY RESIDENTIAL,Single-family,unit,8863.477,9958.276875485148,8581.43,1094.799875485147,1376.8468754851474,2016
2297,3,Out,Collected,0.0,M2016005348-0,210-00,Single Family Detached,SINGLE FAMILY RESIDENTIAL,Single-family,unit,8863.477,9958.276875485148,8581.43,1094.799875485147,1376.8468754851474,2016
2298,3,Out,Collected,0.0,M2016005349-0,210-00,Single Family Detached,SINGLE FAMILY RESIDENTIAL,Single-family,unit,8863.477,9958.276875485148,8581.43,1094.799875485147,1376.8468754851474,2016
2299,3,Out,Collected,0.0,M2016005350-0,210-00,Single Family Detached,SINGLE FAMILY RESIDENTIAL,Single-family,unit,8863.477,9958.276875485148,8581.43,1094.799875485147,1376.8468754851474,2016
2300,3,Out,Collected,0.0,M2016005469-0,210-00,Single Family Detached,SINGLE FAMILY RESIDENTIAL,Single-family,unit,8863.477,9958.276875485148,8581.43,1094.799875485147,1376.8468754851474,2016
2301,3,Out,Collected,0.0,M2016005679-0,210-00,Single Family Detached,SINGLE FAMILY RESIDENTIAL,Single-family,unit,8863.477,9958.276875485148,8581.43,1094.799875485147,1376.8468754851474,2016
2302,3,Out,Collected,0.0,M2016005688-0,710-00,"General Office Building [1-50,000]","OFFICE, ONE STORY",Office,sq. ft.,-7885.389876,-8418.539997835629,-7634.485506952042,-533.1501218356289,-784.0544908835873,2016
2303,3,Out,Collected,0.0,M2016005688-0,720-00,Medical Office Building,PROFESSIONAL BUILDING,Office,sq. ft.,18209.460359999997,7712.190621557582,17630.05550695204,-10497.269738442415,-9917.86488539446,2016
2304,3,Out,Collected,0.0,M2016005689-0,710-00,"General Office Building [1-50,000]","OFFICE, ONE STORY",Office,sq. ft.,-13200.084884,-14092.574282091144,-12780.072080924856,-892.4893980911438,-1312.5022011662877,2016
2305,3,Out,Collected,0.0,M2016005689-0,720-00,Medical Office Building,PROFESSIONAL BUILDING,Office,sq. ft.,30482.50324,12910.1506009224,29512.582080924854,-17572.3526390776,-16602.431480002455,2016
2306,3,Out,Collected,0.0,M2016005824-0,210-00,Single Family Detached,SINGLE FAMILY RESIDENTIAL,Single-family,unit,8863.477,9958.276875485148,8581.43,1094.799875485147,1376.8468754851474,2016
2307,3,Out,Collected,0.0,M2016005826-0,210-00,Single Family Detached,SINGLE FAMILY RESIDENTIAL,Single-family,unit,8863.477,9958.276875485148,8581.43,1094.799875485147,1376.8468754851474,2016
2308,3,Out,Collected,0.0,M2016005827-0,210-00,Single Family Detached,SINGLE FAMILY RESIDENTIAL,Single-family,unit,8863.477,9958.276875485148,8581.43,1094.799875485147,1376.8468754851474,2016
2309,3,Out,Collected,0.0,M2016005829-0,210-00,Single Family Detached,SINGLE FAMILY RESIDENTIAL,Single-family,unit,8863.477,9958.276875485148,8581.43,1094.799875485147,1376.8468754851474,2016
2310,3,Out,Collected,0.0,M2016005831-0,210-00,Single Family Detached,SINGLE FAMILY RESIDENTIAL,Single-family,unit,8863.477,9958.276875485148,8581.43,1094.799875485147,1376.8468754851474,2016
2311,3,Out,Collected,0.0,M2016005835-0,210-00,Single Family Detached,SINGLE FAMILY RESIDENTIAL,Single-family,unit,8863.477,9958.276875485148,8581.43,1094.799875485147,1376.8468754851474,2016
2312,3,Out,Collected,0.0,M2016005847-0,150-00,Warehousing,"WAREHOUSING, DISTRIBUTION TERMINALS",Industrial/Manufacturing,sq. ft.,-5771.129364,-2280.5261837252456,-5587.4628195965415,3490.603180274755,3306.936635871296,2016
2313,3,Out,Collected,0.0,M2016005847-0,820-00,"Shopping Center/General Retail [1-10,000]","STORES, ONE STORY",Commercial/Retail,sq. ft.,21684.844314,22523.439945302132,20994.72281959654,838.5956313021306,1528.7171257055925,2016
2314,3,Out,Collected,0.0,M2016005909-0,210-00,Single Family Detached,SINGLE FAMILY RESIDENTIAL,Single-family,unit,8380.498000000001,9958.276875485148,8113.82,1577.7788754851463,1844.456875485148,2016
2315,3,Out,Collected,0.0,M2016005929-0,210-00,Single Family Detached,SINGLE FAMILY RESIDENTIAL,Single-family,unit,-8380.498000000001,-9958.276875485148,-8113.820000000007,-1577.7788754851463,-1844.4568754851407,2016
2316,3,Out,Collected,0.0,M2016005929-0,230-00,"Condominium,Townhouse",CONDOMINIUM,Single-family,unit,10262.196,12363.453917445546,9935.640000000007,2101.257917445546,2427.813917445539,2016
2317,3,Out,Collected,0.0,M2016006062-0,210-00,Single Family Detached,SINGLE FAMILY RESIDENTIAL,Single-family,unit,8863.477,9958.276875485148,8581.43,1094.799875485147,1376.8468754851474,2016
2318,3,Out,Collected,0.0,M2016006064-0,210-00,Single Family Detached,SINGLE FAMILY RESIDENTIAL,Single-family,unit,8863.477,9958.276875485148,8581.43,1094.799875485147,1376.8468754851474,2016
2319,3,Out,Collected,0.0,M2016006065-0,210-00,Single Family Detached,SINGLE FAMILY RESIDENTIAL,Single-family,unit,8863.477,9958.276875485148,8581.43,1094.799875485147,1376.8468754851474,2016
2320,3,Out,Collected,0.0,M2016006067-0,210-00,Single Family Detached,SINGLE FAMILY RESIDENTIAL,Single-family,unit,8863.477,9958.276875485148,8581.43,1094.799875485147,1376.8468754851474,2016
2321,3,Out,Collected,0.0,M2016006070-0,210-00,Single Family Detached,SINGLE FAMILY RESIDENTIAL,Single-family,unit,8863.477,9958.276875485148,8581.43,1094.799875485147,1376.8468754851474,2016
2322,3,Out,Collected,0.0,M2016006203-0,210-00,Single Family Detached,SINGLE FAMILY RESIDENTIAL,Single-family,unit,0.0,0.0,0.0,0.0,0.0,2016
2323,3,Out,Collected,0.0,M2016006211-0,210-00,Single Family Detached,SINGLE FAMILY RESIDENTIAL,Single-family,unit,97498.247,109541.04563033662,94395.73,12042.79863033662,15145.315630336627,2016
2324,3,Out,Collected,0.0,M2016006212-0,231-00,Duplex,MULTI-FAMILY LESS THAN 10,Multifamily,unit,42794.598,39917.4996788515,57792.02,-2877.0983211485,-17874.5203211485,2016
2325,3,Out,Collected,0.0,M2016006213-0,231-00,Duplex,MULTI-FAMILY LESS THAN 10,Multifamily,unit,42794.598,39917.4996788515,57792.02,-2877.0983211485,-17874.5203211485,2016
2326,3,Out,Collected,0.0,M2016006214-0,210-00,Single Family Detached,SINGLE FAMILY RESIDENTIAL,Single-family,unit,97498.247,109541.04563033662,94395.73,12042.79863033662,15145.315630336627,2016
2327,3,Out,Collected,0.0,M2016006215-0,231-00,Duplex,MULTI-FAMILY LESS THAN 10,Multifamily,unit,42794.598,39917.4996788515,57792.02,-2877.0983211485,-17874.5203211485,2016
2328,3,Out,Collected,0.0,M2016006298-0,210-00,Single Family Detached,SINGLE FAMILY RESIDENTIAL,Single-family,unit,8863.477,9958.276875485148,8581.43,1094.799875485147,1376.8468754851474,2016
2329,3,Out,Collected,0.0,M2016006299-0,210-00,Single Family Detached,SINGLE FAMILY RESIDENTIAL,Single-family,unit,8863.477,9958.276875485148,8581.43,1094.799875485147,1376.8468754851474,2016
2330,3,Out,Collected,0.0,M2016006300-0,210-00,Single Family Detached,SINGLE FAMILY RESIDENTIAL,Single-family,unit,8863.477,9958.276875485148,8581.43,1094.799875485147,1376.8468754851474,2016
2331,3,Out,Collected,0.0,M2016006301-0,210-00,Single Family Detached,SINGLE FAMILY RESIDENTIAL,Single-family,unit,8863.477,9958.276875485148,8581.43,1094.799875485147,1376.8468754851474,2016
2332,3,Out,Collected,0.0,M2016006302-0,210-00,Single Family Detached,SINGLE FAMILY RESIDENTIAL,Single-family,unit,8863.477,9958.276875485148,8581.43,1094.799875485147,1376.8468754851474,2016
2333,3,Out,Collected,0.0,M2016006307-0,210-00,Single Family Detached,SINGLE FAMILY RESIDENTIAL,Single-family,unit,8863.477,9958.276875485148,8581.43,1094.799875485147,1376.8468754851474,2016
2334,3,Out,Collected,0.0,M2016006310-0,210-00,Single Family Detached,SINGLE FAMILY RESIDENTIAL,Single-family,unit,8863.477,9958.276875485148,8581.43,1094.799875485147,1376.8468754851474,2016
2335,3,Out,Collected,0.0,M2016006311-0,210-00,Single Family Detached,SINGLE FAMILY RESIDENTIAL,Single-family,unit,8863.477,9958.276875485148,8581.43,1094.799875485147,1376.8468754851474,2016
2336,3,Out,Collected,0.0,M2016006387-0,210-00,Single Family Detached,SINGLE FAMILY RESIDENTIAL,Single-family,unit,8863.477,9958.276875485148,8581.43,1094.799875485147,1376.8468754851474,2016
2337,3,Out,Collected,0.0,M2016006423-0,210-00,Single Family Detached,SINGLE FAMILY RESIDENTIAL,Single-family,unit,8863.477,9958.276875485148,8581.43,1094.799875485147,1376.8468754851474,2016
2338,3,Out,Collected,0.0,M2016006471-0,210-00,Single Family Detached,SINGLE FAMILY RESIDENTIAL,Single-family,unit,8863.477,9958.276875485148,8581.43,1094.799875485147,1376.8468754851474,2016
2339,3,Out,Collected,0.0,M2016006497-0,210-00,Single Family Detached,SINGLE FAMILY RESIDENTIAL,Single-family,unit,0.0,0.0,0.0,0.0,0.0,2016
2340,3,Out,Collected,0.0,M2016006665-0,210-00,Single Family Detached,SINGLE FAMILY RESIDENTIAL,Single-family,unit,8863.477,9958.276875485148,8581.43,1094.799875485147,1376.8468754851474,2016
2341,3,Out,Collected,0.0,M2016006668-0,210-00,Single Family Detached,SINGLE FAMILY RESIDENTIAL,Single-family,unit,8380.498000000001,9958.276875485148,8113.82,1577.7788754851463,1844.456875485148,2016
2342,3,Out,Collected,0.0,M2016006738-0,150-00,Warehousing,"WAREHOUSING, DISTRIBUTION TERMINALS",Industrial/Manufacturing,sq. ft.,114470.02567,45234.1083221187,110827.94,-69235.9173478813,-65593.8316778813,2016
2343,3,Out,Collected,0.0,M2016006763-0,231-00,Duplex,MULTI-FAMILY LESS THAN 10,Multifamily,unit,70027.524,65319.54492902972,94568.76,-4707.979070970287,-29249.215070970276,2016
2344,3,Out,Collected,0.0,M2016006764-0,231-00,Duplex,MULTI-FAMILY LESS THAN 10,Multifamily,unit,58356.270000000004,54432.95410752477,78807.3,-3923.315892475235,-24374.345892475234,2016
2345,3,Out,Collected,0.0,M2016006766-0,231-00,Duplex,MULTI-FAMILY LESS THAN 10,Multifamily,unit,46685.016,43546.36328601981,63045.840000000004,-3138.652713980191,-19499.47671398019,2016
2346,3,Out,Collected,0.0,M2016006767-0,231-00,Duplex,MULTI-FAMILY LESS THAN 10,Multifamily,unit,93370.032,87092.72657203962,126091.68,-6277.305427960382,-38998.95342796037,2016
2347,3,Out,Collected,0.0,M2016006794-0,820-04,"Shopping Center/General Retail [200,001-300,000]",COMMUNITY SHOPPING CENTER,Commercial/Retail,sq. ft.,214514.92345500004,273034.9552421489,182558.99,58520.03178714885,90475.9652421489,2016
2348,3,Out,Collected,0.0,M2016006854-0,222-00,High-Rise Apart or Condo over 3 floors,MULTI-FAMILY 10 OR MORE,Multifamily,unit,0.0,0.0,0.0,0.0,0.0,2016
2349,3,Out,Collected,0.0,M2016006854-0,320-00,Motel,"HOTELS, MOTELS",Commercial/Retail,room,0.0,0.0,0.0,0.0,0.0,2016
2350,3,Out,Collected,0.0,M2016006887-0,210-00,Single Family Detached,SINGLE FAMILY RESIDENTIAL,Single-family,unit,0.0,0.0,0.0,0.0,0.0,2016
2351,3,Out,Collected,0.0,M2016006898-0,231-00,Duplex,MULTI-FAMILY LESS THAN 10,Multifamily,unit,38904.18,36288.63607168318,52538.200000000004,-2615.5439283168234,-16249.563928316828,2016
2352,3,Out,Collected,0.0,M2016006920-0,210-00,Single Family Detached,SINGLE FAMILY RESIDENTIAL,Single-family,unit,8863.477,9958.276875485148,8581.43,1094.799875485147,1376.8468754851474,2016
2353,3,Out,Collected,0.0,M2016006941-0,231-00,Duplex,MULTI-FAMILY LESS THAN 10,Multifamily,unit,27232.926,25402.045250178224,36776.74,-1830.8807498217757,-11374.694749821774,2016
2354,3,Out,Collected,0.0,M2016006953-0,210-00,Single Family Detached,SINGLE FAMILY RESIDENTIAL,Single-family,unit,8863.477,9958.276875485148,8581.43,1094.799875485147,1376.8468754851474,2016
2355,3,Out,Collected,0.0,M2016006954-0,210-00,Single Family Detached,SINGLE FAMILY RESIDENTIAL,Single-family,unit,0.0,0.0,0.0,0.0,0.0,2016
2356,3,Out,Collected,0.0,M2016006955-0,210-00,Single Family Detached,SINGLE FAMILY RESIDENTIAL,Single-family,unit,8863.477,9958.276875485148,8581.43,1094.799875485147,1376.8468754851474,2016
2357,3,Out,Collected,0.0,M2016006958-0,210-00,Single Family Detached,SINGLE FAMILY RESIDENTIAL,Single-family,unit,8863.477,9958.276875485148,8581.43,1094.799875485147,1376.8468754851474,2016
2358,3,Out,Collected,0.0,M2016006964-0,210-00,Single Family Detached,SINGLE FAMILY RESIDENTIAL,Single-family,unit,8863.477,9958.276875485148,8581.43,1094.799875485147,1376.8468754851474,2016
2359,3,Out,Collected,0.0,M2016006965-0,210-00,Single Family Detached,SINGLE FAMILY RESIDENTIAL,Single-family,unit,8863.477,9958.276875485148,8581.43,1094.799875485147,1376.8468754851474,2016
2360,3,Out,Collected,0.0,M2016006966-0,210-00,Single Family Detached,SINGLE FAMILY RESIDENTIAL,Single-family,unit,8863.477,9958.276875485148,8581.43,1094.799875485147,1376.8468754851474,2016
2361,3,Out,Collected,0.0,M2016006967-0,210-00,Single Family Detached,SINGLE FAMILY RESIDENTIAL,Single-family,unit,8863.477,9958.276875485148,8581.43,1094.799875485147,1376.8468754851474,2016
2362,3,Out,Collected,0.0,M2016006972-0,210-00,Single Family Detached,SINGLE FAMILY RESIDENTIAL,Single-family,unit,8863.477,9958.276875485148,8581.43,1094.799875485147,1376.8468754851474,2016
2363,3,Out,Collected,0.0,M2016006973-0,210-00,Single Family Detached,SINGLE FAMILY RESIDENTIAL,Single-family,unit,8863.477,9958.276875485148,8581.43,1094.799875485147,1376.8468754851474,2016
2364,3,Out,Collected,0.0,M2016006977-0,231-00,Duplex,MULTI-FAMILY LESS THAN 10,Multifamily,unit,70027.524,65319.54492902972,94568.76,-4707.979070970287,-29249.215070970276,2016
2365,3,Out,Collected,0.0,M2016007051-0,150-00,Warehousing,"WAREHOUSING, DISTRIBUTION TERMINALS",Industrial/Manufacturing,sq. ft.,-4831.857800000001,-2019.789695730894,-9850.17,2812.0681042691067,7830.380304269106,2016
2366,3,Out,Collected,0.0,M2016007053-0,231-00,Duplex,MULTI-FAMILY LESS THAN 10,Multifamily,unit,46685.016,43546.36328601981,63045.840000000004,-3138.652713980191,-19499.47671398019,2016
2367,3,Out,Collected,0.0,M2016007060-0,210-00,Single Family Detached,SINGLE FAMILY RESIDENTIAL,Single-family,unit,8863.477,9958.276875485148,8581.43,1094.799875485147,1376.8468754851474,2016
2368,3,Out,Collected,0.0,M2016007076-0,210-00,Single Family Detached,SINGLE FAMILY RESIDENTIAL,Single-family,unit,0.0,0.0,0.0,0.0,0.0,2016
2369,3,Out,Collected,0.0,M2016007240-0,210-00,Single Family Detached,SINGLE FAMILY RESIDENTIAL,Single-family,unit,0.0,0.0,0.0,0.0,0.0,2016
2370,3,Out,Collected,0.0,M2016007242-0,231-00,Duplex,MULTI-FAMILY LESS THAN 10,Multifamily,unit,31123.344,29030.90885734654,42030.56,-2092.4351426534595,-12999.651142653456,2016
2371,3,Out,Collected,0.0,M2016007244-0,231-00,Duplex,MULTI-FAMILY LESS THAN 10,Multifamily,unit,27232.926,25402.045250178224,36776.74,-1830.8807498217757,-11374.694749821774,2016
2372,3,Out,Collected,0.0,M2016007246-0,231-00,Duplex,MULTI-FAMILY LESS THAN 10,Multifamily,unit,35013.762,32659.77246451486,47284.38,-2353.9895354851433,-14624.607535485138,2016
2373,3,Out,Collected,0.0,M2016007274-0,210-00,Single Family Detached,SINGLE FAMILY RESIDENTIAL,Single-family,unit,8863.477,9958.276875485148,8581.43,1094.799875485147,1376.8468754851474,2016
2374,3,Out,Collected,0.0,M2016007275-0,210-00,Single Family Detached,SINGLE FAMILY RESIDENTIAL,Single-family,unit,8863.477,9958.276875485148,8581.43,1094.799875485147,1376.8468754851474,2016
2375,3,Out,Collected,0.0,M2016007276-0,210-00,Single Family Detached,SINGLE FAMILY RESIDENTIAL,Single-family,unit,8863.477,9958.276875485148,8581.43,1094.799875485147,1376.8468754851474,2016
2376,3,Out,Collected,0.0,M2016007277-0,210-00,Single Family Detached,SINGLE FAMILY RESIDENTIAL,Single-family,unit,8863.477,9958.276875485148,8581.43,1094.799875485147,1376.8468754851474,2016
2377,3,Out,Collected,0.0,M2016007343-0,210-00,Single Family Detached,SINGLE FAMILY RESIDENTIAL,Single-family,unit,8863.477,9958.276875485148,8581.43,1094.799875485147,1376.8468754851474,2016
2378,3,Out,Collected,0.0,M2016007347-0,210-00,Single Family Detached,SINGLE FAMILY RESIDENTIAL,Single-family,unit,8863.477,9958.276875485148,8581.43,1094.799875485147,1376.8468754851474,2016
2379,3,Out,Collected,0.0,M2016007349-0,210-00,Single Family Detached,SINGLE FAMILY RESIDENTIAL,Single-family,unit,8863.477,9958.276875485148,8581.43,1094.799875485147,1376.8468754851474,2016
2380,3,Out,Collected,0.0,M2016007350-0,210-00,Single Family Detached,SINGLE FAMILY RESIDENTIAL,Single-family,unit,8863.477,9958.276875485148,8581.43,1094.799875485147,1376.8468754851474,2016
2381,3,Out,Collected,0.0,M2016007352-0,210-00,Single Family Detached,SINGLE FAMILY RESIDENTIAL,Single-family,unit,8863.477,9958.276875485148,8581.43,1094.799875485147,1376.8468754851474,2016
2382,3,Out,Collected,0.0,M2016007355-0,210-00,Single Family Detached,SINGLE FAMILY RESIDENTIAL,Single-family,unit,8863.477,9958.276875485148,8581.43,1094.799875485147,1376.8468754851474,2016
2383,3,Out,Collected,0.0,M2016007358-0,210-00,Single Family Detached,SINGLE FAMILY RESIDENTIAL,Single-family,unit,8863.477,9958.276875485148,8581.43,1094.799875485147,1376.8468754851474,2016
2384,3,Out,Collected,0.0,M2016007359-0,210-00,Single Family Detached,SINGLE FAMILY RESIDENTIAL,Single-family,unit,8863.477,9958.276875485148,8581.43,1094.799875485147,1376.8468754851474,2016
2385,3,Out,Collected,0.0,M2016007360-0,210-00,Single Family Detached,SINGLE FAMILY RESIDENTIAL,Single-family,unit,8863.477,9958.276875485148,8581.43,1094.799875485147,1376.8468754851474,2016
2386,3,Out,Collected,0.0,M2016007363-0,210-00,Single Family Detached,SINGLE FAMILY RESIDENTIAL,Single-family,unit,8863.477,9958.276875485148,8581.43,1094.799875485147,1376.8468754851474,2016
2387,3,Out,Collected,0.0,M2016007365-0,210-00,Single Family Detached,SINGLE FAMILY RESIDENTIAL,Single-family,unit,8863.477,9958.276875485148,8581.43,1094.799875485147,1376.8468754851474,2016
2388,3,Out,Collected,0.0,M2016007366-0,210-00,Single Family Detached,SINGLE FAMILY RESIDENTIAL,Single-family,unit,8863.477,9958.276875485148,8581.43,1094.799875485147,1376.8468754851474,2016
2389,3,Out,Collected,0.0,M2016007367-0,210-00,Single Family Detached,SINGLE FAMILY RESIDENTIAL,Single-family,unit,8863.477,9958.276875485148,8581.43,1094.799875485147,1376.8468754851474,2016
2390,3,Out,Collected,0.0,M2016007369-0,210-00,Single Family Detached,SINGLE FAMILY RESIDENTIAL,Single-family,unit,8863.477,9958.276875485148,8581.43,1094.799875485147,1376.8468754851474,2016
2391,3,Out,Collected,0.0,M2016007371-0,210-00,Single Family Detached,SINGLE FAMILY RESIDENTIAL,Single-family,unit,8863.477,9958.276875485148,8581.43,1094.799875485147,1376.8468754851474,2016
2392,3,Out,Collected,0.0,M2016007373-0,210-00,Single Family Detached,SINGLE FAMILY RESIDENTIAL,Single-family,unit,8863.477,9958.276875485148,8581.43,1094.799875485147,1376.8468754851474,2016
2393,3,Out,Collected,0.0,M2016007374-0,210-00,Single Family Detached,SINGLE FAMILY RESIDENTIAL,Single-family,unit,8863.477,9958.276875485148,8581.43,1094.799875485147,1376.8468754851474,2016
2394,3,Out,Collected,0.0,M2016007375-0,210-00,Single Family Detached,SINGLE FAMILY RESIDENTIAL,Single-family,unit,8863.477,9958.276875485148,8581.43,1094.799875485147,1376.8468754851474,2016
2395,3,Out,Collected,0.0,M2016007377-0,210-00,Single Family Detached,SINGLE FAMILY RESIDENTIAL,Single-family,unit,8863.477,9958.276875485148,8581.43,1094.799875485147,1376.8468754851474,2016
2396,3,Out,Collected,0.0,M2016007378-0,210-00,Single Family Detached,SINGLE FAMILY RESIDENTIAL,Single-family,unit,8863.477,9958.276875485148,8581.43,1094.799875485147,1376.8468754851474,2016
2397,3,Out,Collected,0.0,M2016007402-0,210-00,Single Family Detached,SINGLE FAMILY RESIDENTIAL,Single-family,unit,8863.477,9958.276875485148,8581.43,1094.799875485147,1376.8468754851474,2016
2398,3,Out,Collected,0.0,M2016007406-0,210-00,Single Family Detached,SINGLE FAMILY RESIDENTIAL,Single-family,unit,8863.477,9958.276875485148,8581.43,1094.799875485147,1376.8468754851474,2016
2399,3,Out,Collected,0.0,M2016007408-0,210-00,Single Family Detached,SINGLE FAMILY RESIDENTIAL,Single-family,unit,8863.477,9958.276875485148,8581.43,1094.799875485147,1376.8468754851474,2016
2400,3,Out,Collected,0.0,M2016007409-0,210-00,Single Family Detached,SINGLE FAMILY RESIDENTIAL,Single-family,unit,8863.477,9958.276875485148,8581.43,1094.799875485147,1376.8468754851474,2016
2401,3,Out,Collected,0.0,M2016007473-0,210-00,Single Family Detached,SINGLE FAMILY RESIDENTIAL,Single-family,unit,8863.477,9958.276875485148,8581.43,1094.799875485147,1376.8468754851474,2016
2402,3,Out,Collected,0.0,M2016007475-0,210-00,Single Family Detached,SINGLE FAMILY RESIDENTIAL,Single-family,unit,8863.477,9958.276875485148,8581.43,1094.799875485147,1376.8468754851474,2016
2403,3,Out,Collected,0.0,M2016007477-0,210-00,Single Family Detached,SINGLE FAMILY RESIDENTIAL,Single-family,unit,8863.477,9958.276875485148,8581.43,1094.799875485147,1376.8468754851474,2016
2404,3,Out,Collected,0.0,M2016007479-0,210-00,Single Family Detached,SINGLE FAMILY RESIDENTIAL,Single-family,unit,8863.477,9958.276875485148,8581.43,1094.799875485147,1376.8468754851474,2016
2405,3,Out,Collected,0.0,M2016007481-0,210-00,Single Family Detached,SINGLE FAMILY RESIDENTIAL,Single-family,unit,8863.477,9958.276875485148,8581.43,1094.799875485147,1376.8468754851474,2016
2406,3,Out,Collected,0.0,M2016007482-0,210-00,Single Family Detached,SINGLE FAMILY RESIDENTIAL,Single-family,unit,8863.477,9958.276875485148,8581.43,1094.799875485147,1376.8468754851474,2016
2407,3,Out,Collected,0.0,M2016007483-0,210-00,Single Family Detached,SINGLE FAMILY RESIDENTIAL,Single-family,unit,8863.477,9958.276875485148,8581.43,1094.799875485147,1376.8468754851474,2016
2408,3,Out,Collected,0.0,M2016007485-0,210-00,Single Family Detached,SINGLE FAMILY RESIDENTIAL,Single-family,unit,8863.477,9958.276875485148,8581.43,1094.799875485147,1376.8468754851474,2016
2409,3,Out,Collected,0.0,M2016007486-0,210-00,Single Family Detached,SINGLE FAMILY RESIDENTIAL,Single-family,unit,8863.477,9958.276875485148,8581.43,1094.799875485147,1376.8468754851474,2016
2410,3,Out,Collected,0.0,M2016007487-0,210-00,Single Family Detached,SINGLE FAMILY RESIDENTIAL,Single-family,unit,8863.477,9958.276875485148,8581.43,1094.799875485147,1376.8468754851474,2016
2411,3,Out,Collected,0.0,M2016007488-0,210-00,Single Family Detached,SINGLE FAMILY RESIDENTIAL,Single-family,unit,8863.477,9958.276875485148,8581.43,1094.799875485147,1376.8468754851474,2016
2412,3,Out,Collected,0.0,M2016007489-0,231-00,Duplex,MULTI-FAMILY LESS THAN 10,Multifamily,unit,38904.18,36288.63607168318,52538.200000000004,-2615.5439283168234,-16249.563928316828,2016
2413,3,Out,Collected,0.0,M2016007501-0,210-00,Single Family Detached,SINGLE FAMILY RESIDENTIAL,Single-family,unit,8863.477,9958.276875485148,8581.43,1094.799875485147,1376.8468754851474,2016
2414,3,Out,Collected,0.0,M2016007518-0,231-00,Duplex,MULTI-FAMILY LESS THAN 10,Multifamily,unit,46685.016,43546.36328601981,63045.840000000004,-3138.652713980191,-19499.47671398019,2016
2415,3,Out,Collected,0.0,M2016007521-0,210-00,Single Family Detached,SINGLE FAMILY RESIDENTIAL,Single-family,unit,8863.477,9958.276875485148,8581.43,1094.799875485147,1376.8468754851474,2016
2416,3,Out,Collected,0.0,M2016007524-0,210-00,Single Family Detached,SINGLE FAMILY RESIDENTIAL,Single-family,unit,8863.477,9958.276875485148,8581.43,1094.799875485147,1376.8468754851474,2016
2417,3,Out,Collected,0.0,M2016007528-0,210-00,Single Family Detached,SINGLE FAMILY RESIDENTIAL,Single-family,unit,8863.477,9958.276875485148,8581.43,1094.799875485147,1376.8468754851474,2016
2418,3,Out,Collected,0.0,M2016007531-0,210-00,Single Family Detached,SINGLE FAMILY RESIDENTIAL,Single-family,unit,8863.477,9958.276875485148,8581.43,1094.799875485147,1376.8468754851474,2016
2419,3,Out,Collected,0.0,M2016007532-0,210-00,Single Family Detached,SINGLE FAMILY RESIDENTIAL,Single-family,unit,8863.477,9958.276875485148,8581.43,1094.799875485147,1376.8468754851474,2016
2420,3,Out,Collected,0.0,M2016007540-0,210-00,Single Family Detached,SINGLE FAMILY RESIDENTIAL,Single-family,unit,8863.477,9958.276875485148,8581.43,1094.799875485147,1376.8468754851474,2016
2421,3,Out,Collected,0.0,M2016007545-0,210-00,Single Family Detached,SINGLE FAMILY RESIDENTIAL,Single-family,unit,8863.477,9958.276875485148,8581.43,1094.799875485147,1376.8468754851474,2016
2422,3,Out,Collected,0.0,M2016007551-0,210-00,Single Family Detached,SINGLE FAMILY RESIDENTIAL,Single-family,unit,8863.477,9958.276875485148,8581.43,1094.799875485147,1376.8468754851474,2016
2423,3,Out,Collected,0.0,M2016007554-0,210-00,Single Family Detached,SINGLE FAMILY RESIDENTIAL,Single-family,unit,8863.477,9958.276875485148,8581.43,1094.799875485147,1376.8468754851474,2016
2424,3,Out,Collected,0.0,M2016007583-0,710-00,"General Office Building [1-50,000]","OFFICE, ONE STORY",Office,sq. ft.,19392.005640000003,21894.371422942477,18774.96,2502.3657829424737,3119.4114229424777,2016
2425,3,Out,Collected,0.0,M2016007636-0,210-00,Single Family Detached,SINGLE FAMILY RESIDENTIAL,Single-family,unit,8863.477,9958.276875485148,8581.43,1094.799875485147,1376.8468754851474,2016
2426,3,Out,Collected,0.0,M2016007637-0,210-00,Single Family Detached,SINGLE FAMILY RESIDENTIAL,Single-family,unit,8863.477,9958.276875485148,8581.43,1094.799875485147,1376.8468754851474,2016
2427,3,Out,Collected,0.0,M2016007639-0,210-00,Single Family Detached,SINGLE FAMILY RESIDENTIAL,Single-family,unit,8863.477,9958.276875485148,8581.43,1094.799875485147,1376.8468754851474,2016
2428,3,Out,Collected,0.0,M2016007646-0,231-00,Duplex,MULTI-FAMILY LESS THAN 10,Multifamily,unit,23342.508,21773.181643009906,31522.92,-1569.3263569900955,-9749.738356990092,2016
2429,3,Out,Collected,0.0,M2016007649-0,210-00,Single Family Detached,SINGLE FAMILY RESIDENTIAL,Single-family,unit,8863.477,9958.276875485148,8581.43,1094.799875485147,1376.8468754851474,2016
2430,3,Out,Collected,0.0,M2016007650-0,210-00,Single Family Detached,SINGLE FAMILY RESIDENTIAL,Single-family,unit,8863.477,9958.276875485148,8581.43,1094.799875485147,1376.8468754851474,2016
2431,3,Out,Collected,0.0,M2016007651-0,210-00,Single Family Detached,SINGLE FAMILY RESIDENTIAL,Single-family,unit,8863.477,9958.276875485148,8581.43,1094.799875485147,1376.8468754851474,2016
2432,3,Out,Collected,0.0,M2016007652-0,231-00,Duplex,MULTI-FAMILY LESS THAN 10,Multifamily,unit,23342.508,21773.181643009906,31522.92,-1569.3263569900955,-9749.738356990092,2016
2433,3,Out,Collected,0.0,M2016007653-0,210-00,Single Family Detached,SINGLE FAMILY RESIDENTIAL,Single-family,unit,8863.477,9958.276875485148,8581.43,1094.799875485147,1376.8468754851474,2016
2434,3,Out,Collected,0.0,M2016007655-0,210-00,Single Family Detached,SINGLE FAMILY RESIDENTIAL,Single-family,unit,8863.477,9958.276875485148,8581.43,1094.799875485147,1376.8468754851474,2016
2435,3,Out,Collected,0.0,M2016007687-0,231-00,Duplex,MULTI-FAMILY LESS THAN 10,Multifamily,unit,23342.508,21773.181643009906,31522.92,-1569.3263569900955,-9749.738356990092,2016
2436,3,Out,Collected,0.0,M2016007689-0,231-00,Duplex,MULTI-FAMILY LESS THAN 10,Multifamily,unit,38904.18,36288.63607168318,52538.200000000004,-2615.5439283168234,-16249.563928316828,2016
2437,3,Out,Collected,0.0,M2016007691-0,231-00,Duplex,MULTI-FAMILY LESS THAN 10,Multifamily,unit,38904.18,36288.63607168318,52538.200000000004,-2615.5439283168234,-16249.563928316828,2016
2438,3,Out,Collected,0.0,M2016007692-0,231-00,Duplex,MULTI-FAMILY LESS THAN 10,Multifamily,unit,38904.18,36288.63607168318,52538.200000000004,-2615.5439283168234,-16249.563928316828,2016
2439,3,Out,Collected,0.0,M2016007748-0,820-01,"Shopping Center/General Retail [10,001 -50,000]","STORES, ONE STORY",Commercial/Retail,sq. ft.,-29823.935526000005,-22127.478603375308,-11324.519655578451,7696.456922624697,-10802.958947796857,2016
2440,3,Out,Collected,0.0,M2016007748-0,932-00,High Turnover Rest.,DRIVE-IN RESTAURANTS,Commercial/Retail,sq. ft.,110111.87426400001,29658.8920267993,41810.84965557845,-80452.98223720072,-12151.95762877915,2016
2441,3,Out,Collected,0.0,M2016007901-0,210-00,Single Family Detached,SINGLE FAMILY RESIDENTIAL,Single-family,unit,8863.477,9958.276875485148,8581.43,1094.799875485147,1376.8468754851474,2016
2442,3,Out,Collected,0.0,M2016007933-0,210-00,Single Family Detached,SINGLE FAMILY RESIDENTIAL,Single-family,unit,8863.477,9958.276875485148,8581.43,1094.799875485147,1376.8468754851474,2016
2443,3,Out,Collected,0.0,M2016007935-0,231-00,Duplex,MULTI-FAMILY LESS THAN 10,Multifamily,unit,31123.344,29030.90885734654,42030.56,-2092.4351426534595,-12999.651142653456,2016
2444,3,Out,Collected,0.0,M2016007937-0,210-00,Single Family Detached,SINGLE FAMILY RESIDENTIAL,Single-family,unit,8863.477,9958.276875485148,8581.43,1094.799875485147,1376.8468754851474,2016
2445,3,Out,Collected,0.0,M2016008117-0,231-00,Duplex,MULTI-FAMILY LESS THAN 10,Multifamily,unit,31123.344,29030.90885734654,42030.56,-2092.4351426534595,-12999.651142653456,2016
2446,3,Out,Collected,0.0,M2016008121-0,231-00,Duplex,MULTI-FAMILY LESS THAN 10,Multifamily,unit,116712.54000000001,108865.90821504954,157614.6,-7846.63178495047,-48748.69178495047,2016
2447,3,Out,Collected,0.0,M2016008122-0,231-00,Duplex,MULTI-FAMILY LESS THAN 10,Multifamily,unit,23342.508,21773.181643009906,31522.92,-1569.3263569900955,-9749.738356990092,2016
2448,3,Out,Collected,0.0,M2016008334-0,210-00,Single Family Detached,SINGLE FAMILY RESIDENTIAL,Single-family,unit,8863.477,9958.276875485148,8581.43,1094.799875485147,1376.8468754851474,2016
2449,3,Out,Collected,0.0,M2016008336-0,210-00,Single Family Detached,SINGLE FAMILY RESIDENTIAL,Single-family,unit,8863.477,9958.276875485148,8581.43,1094.799875485147,1376.8468754851474,2016
2450,3,Out,Collected,0.0,M2016008337-0,210-00,Single Family Detached,SINGLE FAMILY RESIDENTIAL,Single-family,unit,8863.477,9958.276875485148,8581.43,1094.799875485147,1376.8468754851474,2016
2451,3,Out,Collected,0.0,M2016008339-0,210-00,Single Family Detached,SINGLE FAMILY RESIDENTIAL,Single-family,unit,8863.477,9958.276875485148,8581.43,1094.799875485147,1376.8468754851474,2016
2452,3,Out,Collected,0.0,M2016008341-0,210-00,Single Family Detached,SINGLE FAMILY RESIDENTIAL,Single-family,unit,8863.477,9958.276875485148,8581.43,1094.799875485147,1376.8468754851474,2016
2453,3,Out,Collected,0.0,M2016008342-0,210-00,Single Family Detached,SINGLE FAMILY RESIDENTIAL,Single-family,unit,8863.477,9958.276875485148,8581.43,1094.799875485147,1376.8468754851474,2016
2454,3,Out,Collected,0.0,M2016008343-0,210-00,Single Family Detached,SINGLE FAMILY RESIDENTIAL,Single-family,unit,8863.477,9958.276875485148,8581.43,1094.799875485147,1376.8468754851474,2016
2455,3,Out,Collected,0.0,M2016008352-0,231-00,Duplex,MULTI-FAMILY LESS THAN 10,Multifamily,unit,38904.18,36288.63607168318,52538.200000000004,-2615.5439283168234,-16249.563928316828,2016
2456,3,Out,Collected,0.0,M2016008353-0,231-00,Duplex,MULTI-FAMILY LESS THAN 10,Multifamily,unit,31123.344,29030.90885734654,42030.56,-2092.4351426534595,-12999.651142653456,2016
2457,3,Out,Collected,0.0,M2016008354-0,231-00,Duplex,MULTI-FAMILY LESS THAN 10,Multifamily,unit,31123.344,29030.90885734654,42030.56,-2092.4351426534595,-12999.651142653456,2016
2458,3,Out,Collected,0.0,M2016008355-0,231-00,Duplex,MULTI-FAMILY LESS THAN 10,Multifamily,unit,19452.09,18144.31803584159,26269.100000000002,-1307.7719641584117,-8124.781964158414,2016
2459,3,Out,Collected,0.0,M2016008357-0,231-00,Duplex,MULTI-FAMILY LESS THAN 10,Multifamily,unit,35013.762,32659.77246451486,47284.38,-2353.9895354851433,-14624.607535485138,2016
2460,3,Out,Collected,0.0,M2016008359-0,231-00,Duplex,MULTI-FAMILY LESS THAN 10,Multifamily,unit,35013.762,32659.77246451486,47284.38,-2353.9895354851433,-14624.607535485138,2016
2461,3,Out,Collected,0.0,M2016008376-0,820-02,"Shopping Center/General Retail [50,001 -100,000]","STORES, ONE STORY",Commercial/Retail,sq. ft.,745825.92,433177.7598288552,722094.0,-312648.1601711448,-288916.2401711448,2016
2462,3,Out,Collected,0.0,M2016008408-0,210-00,Single Family Detached,SINGLE FAMILY RESIDENTIAL,Single-family,unit,8863.477,9958.276875485148,8581.43,1094.799875485147,1376.8468754851474,2016
2463,3,Out,Collected,0.0,M2016008413-0,210-00,Single Family Detached,SINGLE FAMILY RESIDENTIAL,Single-family,unit,8863.477,9958.276875485148,8581.43,1094.799875485147,1376.8468754851474,2016
2464,3,Out,Collected,0.0,M2016008435-0,210-00,Single Family Detached,SINGLE FAMILY RESIDENTIAL,Single-family,unit,8863.477,9958.276875485148,8581.43,1094.799875485147,1376.8468754851474,2016
2465,3,Out,Collected,0.0,M2016008530-0,210-00,Single Family Detached,SINGLE FAMILY RESIDENTIAL,Single-family,unit,8863.477,9958.276875485148,8581.43,1094.799875485147,1376.8468754851474,2016
2466,3,Out,Collected,0.0,M2016008533-0,210-00,Single Family Detached,SINGLE FAMILY RESIDENTIAL,Single-family,unit,8863.477,9958.276875485148,8581.43,1094.799875485147,1376.8468754851474,2016
2467,3,Out,Collected,0.0,M2016008582-0,310-00,Hotel,"HOTELS, MOTELS",Commercial/Retail,room,1098694.513,1172924.6707960202,1063733.1900676868,74230.15779602015,109191.48072833335,2016
2468,3,Out,Collected,0.0,M2016008582-0,710-01,"General Office Building [50,001 -100,000]","OFFICE, ONE STORY",Office,sq. ft.,-404346.575913,-489884.8087412095,-391479.9500676869,-85538.23282820953,-98404.8586735226,2016
2469,3,Out,Collected,0.0,M2016008584-0,210-00,Single Family Detached,SINGLE FAMILY RESIDENTIAL,Single-family,unit,0.0,0.0,0.0,0.0,0.0,2016
2470,3,Out,Collected,0.0,M2016008708-0,150-00,Warehousing,"WAREHOUSING, DISTRIBUTION TERMINALS",Industrial/Manufacturing,sq. ft.,-7123.302186,-2814.8523668686003,-6896.585111580217,4308.4498191314,4081.7327447116168,2016
2471,3,Out,Collected,0.0,M2016008708-0,710-00,"General Office Building [1-50,000]","OFFICE, ONE STORY",Office,sq. ft.,22139.748498,23636.66999392311,21435.09511158022,1496.9214959231103,2201.574882342891,2016
2472,3,Out,Collected,0.0,M2016008721-0,210-00,Single Family Detached,SINGLE FAMILY RESIDENTIAL,Single-family,unit,8863.477,9958.276875485148,8581.43,1094.799875485147,1376.8468754851474,2016
2473,3,Out,Collected,0.0,M2016008722-0,210-00,Single Family Detached,SINGLE FAMILY RESIDENTIAL,Single-family,unit,8863.477,9958.276875485148,8581.43,1094.799875485147,1376.8468754851474,2016
2474,3,Out,Collected,0.0,M2016008724-0,210-00,Single Family Detached,SINGLE FAMILY RESIDENTIAL,Single-family,unit,8863.477,9958.276875485148,8581.43,1094.799875485147,1376.8468754851474,2016
2475,3,Out,Collected,0.0,M2016008725-0,210-00,Single Family Detached,SINGLE FAMILY RESIDENTIAL,Single-family,unit,8863.477,9958.276875485148,8581.43,1094.799875485147,1376.8468754851474,2016
2476,3,Out,Collected,0.0,M2016008843-0,231-00,Duplex,MULTI-FAMILY LESS THAN 10,Multifamily,unit,46685.016,43546.36328601981,63045.840000000004,-3138.652713980191,-19499.47671398019,2016
2477,3,Out,Collected,0.0,M2016008845-0,231-00,Duplex,MULTI-FAMILY LESS THAN 10,Multifamily,unit,70027.524,65319.54492902972,94568.76,-4707.979070970287,-29249.215070970276,2016
2478,3,Out,Collected,0.0,M2016008847-0,231-00,Duplex,MULTI-FAMILY LESS THAN 10,Multifamily,unit,58356.270000000004,54432.95410752477,78807.3,-3923.315892475235,-24374.345892475234,2016
2479,3,Out,Collected,0.0,M2016008848-0,231-00,Duplex,MULTI-FAMILY LESS THAN 10,Multifamily,unit,70027.524,65319.54492902972,94568.76,-4707.979070970287,-29249.215070970276,2016
2480,3,Out,Collected,0.0,M2016008850-0,231-00,Duplex,MULTI-FAMILY LESS THAN 10,Multifamily,unit,93370.032,87092.72657203962,126091.68,-6277.305427960382,-38998.95342796037,2016
2481,3,Out,Collected,0.0,M2016008851-0,231-00,Duplex,MULTI-FAMILY LESS THAN 10,Multifamily,unit,27232.926,25402.045250178224,36776.74,-1830.8807498217757,-11374.694749821774,2016
2482,3,Out,Collected,0.0,M2016008924-0,820-03,"Shopping Center/General Retail [100,001-200,000]",COMMUNITY SHOPPING CENTER,Commercial/Retail,sq. ft.,180966.21843300003,251587.92818573938,175207.55,70621.70975273935,76380.37818573939,2016
2483,3,Out,Collected,0.0,M2016008927-0,151-00,Mini-Warehouse,"WAREHOUSING, DISTRIBUTION TERMINALS",Industrial/Manufacturing,sq. ft.,0.0,0.0,0.0,0.0,0.0,2016
2484,3,Out,Collected,0.0,M2016008944-0,231-00,Duplex,MULTI-FAMILY LESS THAN 10,Multifamily,unit,22066.38,21773.181643009906,29806.920000000002,-293.1983569900949,-8033.738356990096,2016
2485,3,Out,Collected,0.0,M2016008949-0,222-00,High-Rise Apart or Condo over 3 floors,MULTI-FAMILY 10 OR MORE,Multifamily,unit,14710.92,18777.259362673274,14242.800000000001,4066.339362673274,4534.459362673273,2016
2486,3,Out,Collected,0.0,M2016009019-0,210-00,Single Family Detached,SINGLE FAMILY RESIDENTIAL,Single-family,unit,8863.477,9958.276875485148,8581.43,1094.799875485147,1376.8468754851474,2016
2487,3,Out,Collected,0.0,M2016009020-0,210-00,Single Family Detached,SINGLE FAMILY RESIDENTIAL,Single-family,unit,8863.477,9958.276875485148,8581.43,1094.799875485147,1376.8468754851474,2016
2488,3,Out,Collected,0.0,M2016009022-0,210-00,Single Family Detached,SINGLE FAMILY RESIDENTIAL,Single-family,unit,8863.477,9958.276875485148,8581.43,1094.799875485147,1376.8468754851474,2016
2489,3,Out,Collected,0.0,M2016009023-0,210-00,Single Family Detached,SINGLE FAMILY RESIDENTIAL,Single-family,unit,8863.477,9958.276875485148,8581.43,1094.799875485147,1376.8468754851474,2016
2490,3,Out,Collected,0.0,M2016009024-0,210-00,Single Family Detached,SINGLE FAMILY RESIDENTIAL,Single-family,unit,8863.477,9958.276875485148,8581.43,1094.799875485147,1376.8468754851474,2016
2491,3,Out,Collected,0.0,M2016009026-0,210-00,Single Family Detached,SINGLE FAMILY RESIDENTIAL,Single-family,unit,8863.477,9958.276875485148,8581.43,1094.799875485147,1376.8468754851474,2016
2492,3,Out,Collected,0.0,M2016009038-0,520-00,Elementary School (30 SF/St),PUBLIC COUNTY SCHOOLS,Other,student,0.0,0.0,0.0,0.0,0.0,2016
2493,3,Out,Collected,0.0,M2016009092-0,210-00,Single Family Detached,SINGLE FAMILY RESIDENTIAL,Single-family,unit,8863.477,9958.276875485148,8581.43,1094.799875485147,1376.8468754851474,2016
2494,3,Out,Collected,0.0,M2016009109-0,150-00,Warehousing,"WAREHOUSING, DISTRIBUTION TERMINALS",Industrial/Manufacturing,sq. ft.,6956.023074,2748.75015864468,6734.690257123278,-4207.272915355319,-3985.9400984785975,2016
2495,3,Out,Collected,0.0,M2016009109-0,710-00,"General Office Building [1-50,000]","OFFICE, ONE STORY",Office,sq. ft.,2859.5369880000003,3052.877142072261,2768.549742876722,193.3401540722607,284.3273991955389,2016
2496,3,Out,Collected,0.0,M2016009182-0,210-00,Single Family Detached,SINGLE FAMILY RESIDENTIAL,Single-family,unit,8863.477,9958.276875485148,8581.43,1094.799875485147,1376.8468754851474,2016
2497,3,Out,Collected,0.0,M2016009411-0,231-00,Duplex,MULTI-FAMILY LESS THAN 10,Multifamily,unit,38904.18,36288.63607168318,52538.200000000004,-2615.5439283168234,-16249.563928316828,2016
2498,3,Out,Collected,0.0,M2016009599-0,210-00,Single Family Detached,SINGLE FAMILY RESIDENTIAL,Single-family,unit,0.0,0.0,0.0,0.0,0.0,2016
2499,3,Out,Collected,0.0,M2016009643-0,932-00,High Turnover Rest.,DRIVE-IN RESTAURANTS,Commercial/Retail,sq. ft.,20856.711092,5617.804132810191,20193.039999999997,-15238.906959189811,-14575.235867189807,2016
2500,3,Out,Collected,0.0,M2016009688-1,710-00,"General Office Building [1-50,000]","OFFICE, ONE STORY",Office,sq. ft.,0.0,0.0,0.0,0.0,0.0,2016
2501,3,Out,Collected,0.0,M2016009739-0,231-00,Duplex,MULTI-FAMILY LESS THAN 10,Multifamily,unit,31123.344,29030.90885734654,42030.56,-2092.4351426534595,-12999.651142653456,2016
2502,3,Out,Collected,0.0,M2016009843-0,231-00,Duplex,MULTI-FAMILY LESS THAN 10,Multifamily,unit,35013.762,32659.77246451486,47284.38,-2353.9895354851433,-14624.607535485138,2016
2503,3,Out,Collected,0.0,M2016009855-0,210-00,Single Family Detached,SINGLE FAMILY RESIDENTIAL,Single-family,unit,8863.477,9958.276875485148,8581.43,1094.799875485147,1376.8468754851474,2016
2504,3,Out,Collected,0.0,M2016009857-0,210-00,Single Family Detached,SINGLE FAMILY RESIDENTIAL,Single-family,unit,8863.477,9958.276875485148,8581.43,1094.799875485147,1376.8468754851474,2016
2505,3,Out,Collected,0.0,M2016009858-0,210-00,Single Family Detached,SINGLE FAMILY RESIDENTIAL,Single-family,unit,8863.477,9958.276875485148,8581.43,1094.799875485147,1376.8468754851474,2016
2506,3,Out,Collected,0.0,M2016009860-0,210-00,Single Family Detached,SINGLE FAMILY RESIDENTIAL,Single-family,unit,8863.477,9958.276875485148,8581.43,1094.799875485147,1376.8468754851474,2016
2507,3,Out,Collected,0.0,M2016009862-0,210-00,Single Family Detached,SINGLE FAMILY RESIDENTIAL,Single-family,unit,8863.477,9958.276875485148,8581.43,1094.799875485147,1376.8468754851474,2016
2508,3,Out,Collected,0.0,M2016009929-0,150-00,Warehousing,"WAREHOUSING, DISTRIBUTION TERMINALS",Industrial/Manufacturing,sq. ft.,4392.598000000001,1836.1724506644491,4252.8,-2556.4255493355518,-2416.627549335551,2016
2509,3,Out,Collected,0.0,M2016009965-0,210-00,Single Family Detached,SINGLE FAMILY RESIDENTIAL,Single-family,unit,8863.477,9958.276875485148,8581.43,1094.799875485147,1376.8468754851474,2016
2510,3,Out,Collected,0.0,M2016010093-0,210-00,Single Family Detached,SINGLE FAMILY RESIDENTIAL,Single-family,unit,8863.477,9958.276875485148,8581.43,1094.799875485147,1376.8468754851474,2016
2511,3,Out,Collected,0.0,M2016010095-0,210-00,Single Family Detached,SINGLE FAMILY RESIDENTIAL,Single-family,unit,8863.477,9958.276875485148,8581.43,1094.799875485147,1376.8468754851474,2016
2512,3,Out,Collected,0.0,M2016010096-0,210-00,Single Family Detached,SINGLE FAMILY RESIDENTIAL,Single-family,unit,8863.477,9958.276875485148,8581.43,1094.799875485147,1376.8468754851474,2016
2513,3,Out,Collected,0.0,M2016010160-0,210-00,Single Family Detached,SINGLE FAMILY RESIDENTIAL,Single-family,unit,8863.477,9958.276875485148,8581.43,1094.799875485147,1376.8468754851474,2016
2514,3,Out,Collected,0.0,M2016010165-0,210-00,Single Family Detached,SINGLE FAMILY RESIDENTIAL,Single-family,unit,8863.477,9958.276875485148,8581.43,1094.799875485147,1376.8468754851474,2016
2515,3,Out,Collected,0.0,M2016010193-0,231-00,Duplex,MULTI-FAMILY LESS THAN 10,Multifamily,unit,31123.344,29030.90885734654,42030.56,-2092.4351426534595,-12999.651142653456,2016
2516,3,Out,Collected,0.0,M2016010233-0,210-00,Single Family Detached,SINGLE FAMILY RESIDENTIAL,Single-family,unit,8863.477,9958.276875485148,8581.43,1094.799875485147,1376.8468754851474,2016
2517,3,Out,Collected,0.0,M2016010278-0,210-00,Single Family Detached,SINGLE FAMILY RESIDENTIAL,Single-family,unit,0.0,0.0,0.0,0.0,0.0,2016
2518,3,Out,Collected,0.0,M2016010361-0,231-00,Duplex,MULTI-FAMILY LESS THAN 10,Multifamily,unit,23342.508,21773.181643009906,31522.92,-1569.3263569900955,-9749.738356990092,2016
2519,3,Out,Collected,0.0,M2016010363-0,231-00,Duplex,MULTI-FAMILY LESS THAN 10,Multifamily,unit,27232.926,25402.045250178224,36776.74,-1830.8807498217757,-11374.694749821774,2016
2520,3,Out,Collected,0.0,M2016010364-0,231-00,Duplex,MULTI-FAMILY LESS THAN 10,Multifamily,unit,27232.926,25402.045250178224,36776.74,-1830.8807498217757,-11374.694749821774,2016
2521,3,Out,Collected,0.0,M2016010366-0,231-00,Duplex,MULTI-FAMILY LESS THAN 10,Multifamily,unit,35013.762,32659.77246451486,47284.38,-2353.9895354851433,-14624.607535485138,2016
2522,3,Out,Collected,0.0,M2016010370-0,210-00,Single Family Detached,SINGLE FAMILY RESIDENTIAL,Single-family,unit,0.0,0.0,0.0,0.0,0.0,2016
2523,3,Out,Collected,0.0,M2016010373-0,210-00,Single Family Detached,SINGLE FAMILY RESIDENTIAL,Single-family,unit,8863.477,9958.276875485148,8581.43,1094.799875485147,1376.8468754851474,2016
2524,3,Out,Collected,0.0,M2016010374-0,210-00,Single Family Detached,SINGLE FAMILY RESIDENTIAL,Single-family,unit,8863.477,9958.276875485148,8581.43,1094.799875485147,1376.8468754851474,2016
2525,3,Out,Collected,0.0,M2016010450-0,210-00,Single Family Detached,SINGLE FAMILY RESIDENTIAL,Single-family,unit,8863.477,9958.276875485148,8581.43,1094.799875485147,1376.8468754851474,2016
2526,3,Out,Collected,0.0,M2016010451-0,210-00,Single Family Detached,SINGLE FAMILY RESIDENTIAL,Single-family,unit,8863.477,9958.276875485148,8581.43,1094.799875485147,1376.8468754851474,2016
2527,3,Out,Collected,0.0,M2016010452-0,210-00,Single Family Detached,SINGLE FAMILY RESIDENTIAL,Single-family,unit,8863.477,9958.276875485148,8581.43,1094.799875485147,1376.8468754851474,2016
2528,3,Out,Collected,0.0,M2016010469-0,820-00,"Shopping Center/General Retail [1-10,000]","STORES, ONE STORY",Commercial/Retail,sq. ft.,45674.358072,47440.675440346524,44220.86,1766.317368346521,3219.8154403465232,2016
2529,3,Out,Collected,0.0,M2016010535-0,210-00,Single Family Detached,SINGLE FAMILY RESIDENTIAL,Single-family,unit,8863.477,9958.276875485148,8581.43,1094.799875485147,1376.8468754851474,2016
2530,3,Out,Collected,0.0,M2016010539-0,210-00,Single Family Detached,SINGLE FAMILY RESIDENTIAL,Single-family,unit,8863.477,9958.276875485148,8581.43,1094.799875485147,1376.8468754851474,2016
2531,3,Out,Collected,0.0,M2016010540-0,210-00,Single Family Detached,SINGLE FAMILY RESIDENTIAL,Single-family,unit,8863.477,9958.276875485148,8581.43,1094.799875485147,1376.8468754851474,2016
2532,3,Out,Collected,0.0,M2016010541-0,210-00,Single Family Detached,SINGLE FAMILY RESIDENTIAL,Single-family,unit,8863.477,9958.276875485148,8581.43,1094.799875485147,1376.8468754851474,2016
2533,3,Out,Collected,0.0,M2016010586-0,210-00,Single Family Detached,SINGLE FAMILY RESIDENTIAL,Single-family,unit,8380.498000000001,9958.276875485148,8113.82,1577.7788754851463,1844.456875485148,2016
2534,3,Out,Collected,0.0,M2016010592-0,210-00,Single Family Detached,SINGLE FAMILY RESIDENTIAL,Single-family,unit,0.0,0.0,0.0,0.0,0.0,2016
2535,3,Out,Collected,0.0,M2016010673-0,210-00,Single Family Detached,SINGLE FAMILY RESIDENTIAL,Single-family,unit,8863.477,9958.276875485148,8581.43,1094.799875485147,1376.8468754851474,2016
2536,3,Out,Collected,0.0,M2016010674-0,231-00,Duplex,MULTI-FAMILY LESS THAN 10,Multifamily,unit,93370.032,87092.72657203962,126091.68,-6277.305427960382,-38998.95342796037,2016
2537,3,Out,Collected,0.0,M2016010675-0,231-00,Duplex,MULTI-FAMILY LESS THAN 10,Multifamily,unit,23342.508,21773.181643009906,31522.92,-1569.3263569900955,-9749.738356990092,2016
2538,3,Out,Collected,0.0,M2016010678-0,231-00,Duplex,MULTI-FAMILY LESS THAN 10,Multifamily,unit,23342.508,21773.181643009906,31522.92,-1569.3263569900955,-9749.738356990092,2016
2539,3,Out,Collected,0.0,M2016010688-0,210-00,Single Family Detached,SINGLE FAMILY RESIDENTIAL,Single-family,unit,8863.477,9958.276875485148,8581.43,1094.799875485147,1376.8468754851474,2016
2540,3,Out,Collected,0.0,M2016010802-0,231-00,Duplex,MULTI-FAMILY LESS THAN 10,Multifamily,unit,31123.344,29030.90885734654,42030.56,-2092.4351426534595,-12999.651142653456,2016
2541,3,Out,Collected,0.0,M2016010803-0,231-00,Duplex,MULTI-FAMILY LESS THAN 10,Multifamily,unit,31123.344,29030.90885734654,42030.56,-2092.4351426534595,-12999.651142653456,2016
2542,3,Out,Collected,0.0,M2016010804-0,231-00,Duplex,MULTI-FAMILY LESS THAN 10,Multifamily,unit,35013.762,32659.77246451486,47284.38,-2353.9895354851433,-14624.607535485138,2016
2543,3,Out,Collected,0.0,M2016010805-0,231-00,Duplex,MULTI-FAMILY LESS THAN 10,Multifamily,unit,31123.344,29030.90885734654,42030.56,-2092.4351426534595,-12999.651142653456,2016
2544,3,Out,Collected,0.0,M2016010807-0,231-00,Duplex,MULTI-FAMILY LESS THAN 10,Multifamily,unit,19452.09,18144.31803584159,26269.100000000002,-1307.7719641584117,-8124.781964158414,2016
2545,3,Out,Collected,0.0,M2016010809-0,231-00,Duplex,MULTI-FAMILY LESS THAN 10,Multifamily,unit,31123.344,29030.90885734654,42030.56,-2092.4351426534595,-12999.651142653456,2016
2546,3,Out,Collected,0.0,M2016010811-0,231-00,Duplex,MULTI-FAMILY LESS THAN 10,Multifamily,unit,19452.09,18144.31803584159,26269.100000000002,-1307.7719641584117,-8124.781964158414,2016
2547,3,Out,Collected,0.0,M2016010813-0,231-00,Duplex,MULTI-FAMILY LESS THAN 10,Multifamily,unit,31123.344,29030.90885734654,42030.56,-2092.4351426534595,-12999.651142653456,2016
2548,3,Out,Collected,0.0,M2016010813-1,231-00,Duplex,MULTI-FAMILY LESS THAN 10,Multifamily,unit,31123.344,29030.90885734654,0.0,-2092.4351426534595,29030.90885734654,2016
2549,3,Out,Collected,0.0,M2016010817-0,231-00,Duplex,MULTI-FAMILY LESS THAN 10,Multifamily,unit,35013.762,32659.77246451486,47284.38,-2353.9895354851433,-14624.607535485138,2016
2550,3,Out,Collected,0.0,M2016010818-0,231-00,Duplex,MULTI-FAMILY LESS THAN 10,Multifamily,unit,35013.762,32659.77246451486,47284.38,-2353.9895354851433,-14624.607535485138,2016
2551,3,Out,Collected,0.0,M2016010883-0,210-00,Single Family Detached,SINGLE FAMILY RESIDENTIAL,Single-family,unit,8863.477,9958.276875485148,8581.43,1094.799875485147,1376.8468754851474,2016
2552,3,Out,Collected,0.0,M2016010885-0,210-00,Single Family Detached,SINGLE FAMILY RESIDENTIAL,Single-family,unit,8863.477,9958.276875485148,8581.43,1094.799875485147,1376.8468754851474,2016
2553,3,Out,Collected,0.0,M2016010886-0,210-00,Single Family Detached,SINGLE FAMILY RESIDENTIAL,Single-family,unit,8863.477,9958.276875485148,8581.43,1094.799875485147,1376.8468754851474,2016
2554,3,Out,Collected,0.0,M2016010888-0,210-00,Single Family Detached,SINGLE FAMILY RESIDENTIAL,Single-family,unit,8863.477,9958.276875485148,8581.43,1094.799875485147,1376.8468754851474,2016
2555,3,Out,Collected,0.0,M2016010954-0,210-00,Single Family Detached,SINGLE FAMILY RESIDENTIAL,Single-family,unit,8863.477,9958.276875485148,8581.43,1094.799875485147,1376.8468754851474,2016
2556,3,Out,Collected,0.0,M2016010955-0,231-00,Duplex,MULTI-FAMILY LESS THAN 10,Multifamily,unit,35013.762,32659.77246451486,47284.38,-2353.9895354851433,-14624.607535485138,2016
2557,3,Out,Collected,0.0,M2016010956-0,231-00,Duplex,MULTI-FAMILY LESS THAN 10,Multifamily,unit,3890.418,3628.8636071683177,5253.820000000001,-261.55439283168243,-1624.956392831683,2016
2558,3,Out,Collected,0.0,M2016011007-0,210-00,Single Family Detached,SINGLE FAMILY RESIDENTIAL,Single-family,unit,0.0,0.0,0.0,0.0,0.0,2016
2559,3,Out,Collected,0.0,M2016011068-0,231-00,Duplex,MULTI-FAMILY LESS THAN 10,Multifamily,unit,35013.762,32659.77246451486,47284.38,-2353.9895354851433,-14624.607535485138,2016
2560,3,Out,Collected,0.0,M2016011116-0,231-00,Duplex,MULTI-FAMILY LESS THAN 10,Multifamily,unit,70027.524,65319.54492902972,94568.76,-4707.979070970287,-29249.215070970276,2016
2561,3,Out,Collected,0.0,M2016011117-0,231-00,Duplex,MULTI-FAMILY LESS THAN 10,Multifamily,unit,46685.016,43546.36328601981,63045.840000000004,-3138.652713980191,-19499.47671398019,2016
2562,3,Out,Collected,0.0,M2016011119-0,231-00,Duplex,MULTI-FAMILY LESS THAN 10,Multifamily,unit,46685.016,43546.36328601981,63045.840000000004,-3138.652713980191,-19499.47671398019,2016
2563,3,Out,Collected,0.0,M2016011144-0,210-00,Single Family Detached,SINGLE FAMILY RESIDENTIAL,Single-family,unit,8863.477,9958.276875485148,8581.43,1094.799875485147,1376.8468754851474,2016
2564,3,Out,Collected,0.0,M2016011145-0,210-00,Single Family Detached,SINGLE FAMILY RESIDENTIAL,Single-family,unit,8863.477,9958.276875485148,8581.43,1094.799875485147,1376.8468754851474,2016
2565,3,Out,Collected,0.0,M2016011178-0,210-00,Single Family Detached,SINGLE FAMILY RESIDENTIAL,Single-family,unit,8863.477,9958.276875485148,8581.43,1094.799875485147,1376.8468754851474,2016
2566,3,Out,Collected,0.0,M2016011195-0,210-00,Single Family Detached,SINGLE FAMILY RESIDENTIAL,Single-family,unit,8863.477,9958.276875485148,8581.43,1094.799875485147,1376.8468754851474,2016
2567,3,Out,Collected,0.0,M2016011201-0,150-00,Warehousing,"WAREHOUSING, DISTRIBUTION TERMINALS",Industrial/Manufacturing,sq. ft.,3577.91434,1413.8527870116257,3464.08,-2164.0615529883744,-2050.227212988374,2016
2568,3,Out,Collected,0.0,M2016011248-0,231-00,Duplex,MULTI-FAMILY LESS THAN 10,Multifamily,unit,19452.09,18144.31803584159,26269.100000000002,-1307.7719641584117,-8124.781964158414,2016
2569,3,Out,Collected,0.0,M2016011265-0,231-00,Duplex,MULTI-FAMILY LESS THAN 10,Multifamily,unit,19452.09,18144.31803584159,26269.100000000002,-1307.7719641584117,-8124.781964158414,2016
2570,3,Out,Collected,0.0,M2016011275-0,210-00,Single Family Detached,SINGLE FAMILY RESIDENTIAL,Single-family,unit,0.0,0.0,0.0,0.0,0.0,2016
2571,3,Out,Collected,0.0,M2016011314-0,210-00,Single Family Detached,SINGLE FAMILY RESIDENTIAL,Single-family,unit,8863.477,9958.276875485148,8581.43,1094.799875485147,1376.8468754851474,2016
2572,3,Out,Collected,0.0,M2016011526-0,210-00,Single Family Detached,SINGLE FAMILY RESIDENTIAL,Single-family,unit,8863.477,9958.276875485148,8581.43,1094.799875485147,1376.8468754851474,2016
2573,3,Out,Collected,0.0,M2016011527-0,210-00,Single Family Detached,SINGLE FAMILY RESIDENTIAL,Single-family,unit,8863.477,9958.276875485148,8581.43,1094.799875485147,1376.8468754851474,2016
2574,3,Out,Collected,0.0,M2016011528-0,210-00,Single Family Detached,SINGLE FAMILY RESIDENTIAL,Single-family,unit,8863.477,9958.276875485148,8581.43,1094.799875485147,1376.8468754851474,2016
2575,3,Out,Collected,0.0,M2016011582-0,210-00,Single Family Detached,SINGLE FAMILY RESIDENTIAL,Single-family,unit,0.0,0.0,0.0,0.0,0.0,2016
2576,3,Out,Collected,0.0,M2016011644-0,220-00,Apartment (Rentals),MULTI-FAMILY 10 OR MORE,Multifamily,unit,31120.390000000003,38609.42093673268,41281.34796061529,7489.030936732674,-2671.927023882614,2016
2577,3,Out,Collected,0.0,M2016011644-0,710-00,"General Office Building [1-50,000]","OFFICE, ONE STORY",Office,sq. ft.,-31120.427693040005,-33224.55444860097,-41281.39796061529,-2104.126755560963,8056.843512014326,2016
2578,3,Out,Collected,0.0,M2016011841-0,710-00,"General Office Building [1-50,000]","OFFICE, ONE STORY",Office,sq. ft.,-4375.9581180000005,-4671.827141656036,-4236.718342446495,-295.8690236560351,-435.10879920954085,2016
2579,3,Out,Collected,0.0,M2016011841-0,720-00,Medical Office Building,PROFESSIONAL BUILDING,Office,sq. ft.,10105.249979999999,4279.842048227009,9783.708342446494,-5825.407931772989,-5503.866294219485,2016
2580,3,Out,Collected,0.0,M2016011866-0,210-00,Single Family Detached,SINGLE FAMILY RESIDENTIAL,Single-family,unit,8863.477,9958.276875485148,8581.43,1094.799875485147,1376.8468754851474,2016
2581,3,Out,Collected,0.0,M2016011869-0,210-00,Single Family Detached,SINGLE FAMILY RESIDENTIAL,Single-family,unit,8863.477,9958.276875485148,8581.43,1094.799875485147,1376.8468754851474,2016
2582,3,Out,Collected,0.0,M2016011874-0,210-00,Single Family Detached,SINGLE FAMILY RESIDENTIAL,Single-family,unit,8863.477,9958.276875485148,8581.43,1094.799875485147,1376.8468754851474,2016
2583,3,Out,Collected,0.0,M2016011875-0,210-00,Single Family Detached,SINGLE FAMILY RESIDENTIAL,Single-family,unit,8863.477,9958.276875485148,8581.43,1094.799875485147,1376.8468754851474,2016
2584,3,Out,Collected,0.0,M2016011876-0,210-00,Single Family Detached,SINGLE FAMILY RESIDENTIAL,Single-family,unit,8863.477,9958.276875485148,8581.43,1094.799875485147,1376.8468754851474,2016
2585,3,Out,Collected,0.0,M2016011877-0,210-00,Single Family Detached,SINGLE FAMILY RESIDENTIAL,Single-family,unit,8863.477,9958.276875485148,8581.43,1094.799875485147,1376.8468754851474,2016
2586,3,Out,Collected,0.0,M2016012104-0,231-00,Duplex,MULTI-FAMILY LESS THAN 10,Multifamily,unit,46685.016,43546.36328601981,63045.840000000004,-3138.652713980191,-19499.47671398019,2016
2587,3,Out,Collected,0.0,M2016012106-0,231-00,Duplex,MULTI-FAMILY LESS THAN 10,Multifamily,unit,46685.016,43546.36328601981,63045.840000000004,-3138.652713980191,-19499.47671398019,2016
2588,3,Out,Collected,0.0,M2016012214-0,560-00,Church/Synagogue,"CHURCHES, TEMPLES",Other,sq. ft.,13737.884216,7927.082081338169,13300.83,-5810.802134661832,-5373.747918661831,2016
2589,3,Out,Collected,0.0,M2016012241-0,210-00,Single Family Detached,SINGLE FAMILY RESIDENTIAL,Single-family,unit,8863.477,9958.276875485148,8581.43,1094.799875485147,1376.8468754851474,2016
2590,3,Out,Collected,0.0,M2016012446-0,210-00,Single Family Detached,SINGLE FAMILY RESIDENTIAL,Single-family,unit,8863.477,9958.276875485148,8581.43,1094.799875485147,1376.8468754851474,2016
2591,3,Out,Collected,0.0,M2016012448-0,210-00,Single Family Detached,SINGLE FAMILY RESIDENTIAL,Single-family,unit,8863.477,9958.276875485148,8581.43,1094.799875485147,1376.8468754851474,2016
2592,3,Out,Collected,0.0,M2016012450-0,210-00,Single Family Detached,SINGLE FAMILY RESIDENTIAL,Single-family,unit,8863.477,9958.276875485148,8581.43,1094.799875485147,1376.8468754851474,2016
2593,3,Out,Collected,0.0,M2016012451-0,210-00,Single Family Detached,SINGLE FAMILY RESIDENTIAL,Single-family,unit,8863.477,9958.276875485148,8581.43,1094.799875485147,1376.8468754851474,2016
2594,3,Out,Collected,0.0,M2016012453-0,210-00,Single Family Detached,SINGLE FAMILY RESIDENTIAL,Single-family,unit,8863.477,9958.276875485148,8581.43,1094.799875485147,1376.8468754851474,2016
2595,3,Out,Collected,0.0,M2016012454-0,210-00,Single Family Detached,SINGLE FAMILY RESIDENTIAL,Single-family,unit,8863.477,9958.276875485148,8581.43,1094.799875485147,1376.8468754851474,2016
2596,3,Out,Collected,0.0,M2016012458-0,210-00,Single Family Detached,SINGLE FAMILY RESIDENTIAL,Single-family,unit,8863.477,9958.276875485148,8581.43,1094.799875485147,1376.8468754851474,2016
2597,3,Out,Collected,0.0,M2016012470-0,210-00,Single Family Detached,SINGLE FAMILY RESIDENTIAL,Single-family,unit,8863.477,9958.276875485148,8581.43,1094.799875485147,1376.8468754851474,2016
2598,3,Out,Collected,0.0,M2016012471-0,210-00,Single Family Detached,SINGLE FAMILY RESIDENTIAL,Single-family,unit,8863.477,9958.276875485148,8581.43,1094.799875485147,1376.8468754851474,2016
2599,3,Out,Collected,0.0,M2016012473-0,210-00,Single Family Detached,SINGLE FAMILY RESIDENTIAL,Single-family,unit,8863.477,9958.276875485148,8581.43,1094.799875485147,1376.8468754851474,2016
2600,3,Out,Collected,0.0,M2016012474-0,210-00,Single Family Detached,SINGLE FAMILY RESIDENTIAL,Single-family,unit,8863.477,9958.276875485148,8581.43,1094.799875485147,1376.8468754851474,2016
2601,3,Out,Collected,0.0,M2016012475-0,210-00,Single Family Detached,SINGLE FAMILY RESIDENTIAL,Single-family,unit,8863.477,9958.276875485148,8581.43,1094.799875485147,1376.8468754851474,2016
2602,3,Out,Collected,0.0,M2016012476-0,210-00,Single Family Detached,SINGLE FAMILY RESIDENTIAL,Single-family,unit,8863.477,9958.276875485148,8581.43,1094.799875485147,1376.8468754851474,2016
2603,3,Out,Collected,0.0,M2016012479-0,210-00,Single Family Detached,SINGLE FAMILY RESIDENTIAL,Single-family,unit,8863.477,9958.276875485148,8581.43,1094.799875485147,1376.8468754851474,2016
2604,3,Out,Collected,0.0,M2016012481-0,210-00,Single Family Detached,SINGLE FAMILY RESIDENTIAL,Single-family,unit,8863.477,9958.276875485148,8581.43,1094.799875485147,1376.8468754851474,2016
2605,3,Out,Collected,0.0,M2016012482-0,231-00,Duplex,MULTI-FAMILY LESS THAN 10,Multifamily,unit,46685.016,43546.36328601981,63045.840000000004,-3138.652713980191,-19499.47671398019,2016
2606,3,Out,Collected,0.0,M2016012483-0,231-00,Duplex,MULTI-FAMILY LESS THAN 10,Multifamily,unit,46685.016,43546.36328601981,63045.840000000004,-3138.652713980191,-19499.47671398019,2016
2607,3,Out,Collected,0.0,M2016012484-0,210-00,Single Family Detached,SINGLE FAMILY RESIDENTIAL,Single-family,unit,8863.477,9958.276875485148,8581.43,1094.799875485147,1376.8468754851474,2016
2608,3,Out,Collected,0.0,M2016012485-0,210-00,Single Family Detached,SINGLE FAMILY RESIDENTIAL,Single-family,unit,8863.477,9958.276875485148,8581.43,1094.799875485147,1376.8468754851474,2016
2609,3,Out,Collected,0.0,M2016012486-0,210-00,Single Family Detached,SINGLE FAMILY RESIDENTIAL,Single-family,unit,8863.477,9958.276875485148,8581.43,1094.799875485147,1376.8468754851474,2016
2610,3,Out,Collected,0.0,M2016012487-0,210-00,Single Family Detached,SINGLE FAMILY RESIDENTIAL,Single-family,unit,8863.477,9958.276875485148,8581.43,1094.799875485147,1376.8468754851474,2016
2611,3,Out,Collected,0.0,M2016012488-0,210-00,Single Family Detached,SINGLE FAMILY RESIDENTIAL,Single-family,unit,8863.477,9958.276875485148,8581.43,1094.799875485147,1376.8468754851474,2016
2612,3,Out,Collected,0.0,M2016012490-0,210-00,Single Family Detached,SINGLE FAMILY RESIDENTIAL,Single-family,unit,8863.477,9958.276875485148,8581.43,1094.799875485147,1376.8468754851474,2016
2613,3,Out,Collected,0.0,M2016012491-0,210-00,Single Family Detached,SINGLE FAMILY RESIDENTIAL,Single-family,unit,8863.477,9958.276875485148,8581.43,1094.799875485147,1376.8468754851474,2016
2614,3,Out,Collected,0.0,M2016012492-0,210-00,Single Family Detached,SINGLE FAMILY RESIDENTIAL,Single-family,unit,8863.477,9958.276875485148,8581.43,1094.799875485147,1376.8468754851474,2016
2615,3,Out,Collected,0.0,M2016012493-0,210-00,Single Family Detached,SINGLE FAMILY RESIDENTIAL,Single-family,unit,8863.477,9958.276875485148,8581.43,1094.799875485147,1376.8468754851474,2016
2616,3,Out,Collected,0.0,M2016012494-0,210-00,Single Family Detached,SINGLE FAMILY RESIDENTIAL,Single-family,unit,8863.477,9958.276875485148,8581.43,1094.799875485147,1376.8468754851474,2016
2617,3,Out,Collected,0.0,M2016012495-0,210-00,Single Family Detached,SINGLE FAMILY RESIDENTIAL,Single-family,unit,8863.477,9958.276875485148,8581.43,1094.799875485147,1376.8468754851474,2016
2618,3,Out,Collected,0.0,M2016012498-0,210-00,Single Family Detached,SINGLE FAMILY RESIDENTIAL,Single-family,unit,8863.477,9958.276875485148,8581.43,1094.799875485147,1376.8468754851474,2016
2619,3,Out,Collected,0.0,M2016012499-0,210-00,Single Family Detached,SINGLE FAMILY RESIDENTIAL,Single-family,unit,8863.477,9958.276875485148,8581.43,1094.799875485147,1376.8468754851474,2016
2620,3,Out,Collected,0.0,M2016012501-0,210-00,Single Family Detached,SINGLE FAMILY RESIDENTIAL,Single-family,unit,8863.477,9958.276875485148,8581.43,1094.799875485147,1376.8468754851474,2016
2621,3,Out,Collected,0.0,M2016012521-0,710-00,"General Office Building [1-50,000]","OFFICE, ONE STORY",Office,sq. ft.,30328.4226,32378.999991675497,29363.25,2050.577391675495,3015.749991675497,2016
2622,3,Out,Collected,0.0,M2016012564-0,210-00,Single Family Detached,SINGLE FAMILY RESIDENTIAL,Single-family,unit,8863.477,9958.276875485148,8581.43,1094.799875485147,1376.8468754851474,2016
2623,3,Out,Collected,0.0,M2016012566-0,210-00,Single Family Detached,SINGLE FAMILY RESIDENTIAL,Single-family,unit,8863.477,9958.276875485148,8581.43,1094.799875485147,1376.8468754851474,2016
2624,3,Out,Collected,0.0,M2016012567-0,210-00,Single Family Detached,SINGLE FAMILY RESIDENTIAL,Single-family,unit,8863.477,9958.276875485148,8581.43,1094.799875485147,1376.8468754851474,2016
2625,3,Out,Collected,0.0,M2016012775-0,231-00,Duplex,MULTI-FAMILY LESS THAN 10,Multifamily,unit,31123.344,29030.90885734654,42030.56,-2092.4351426534595,-12999.651142653456,2016
2626,3,Out,Collected,0.0,M2016012819-0,210-00,Single Family Detached,SINGLE FAMILY RESIDENTIAL,Single-family,unit,8863.477,9958.276875485148,8581.43,1094.799875485147,1376.8468754851474,2016
2627,3,Out,Collected,0.0,M2016012884-0,231-00,Duplex,MULTI-FAMILY LESS THAN 10,Multifamily,unit,46685.016,43546.36328601981,63045.840000000004,-3138.652713980191,-19499.47671398019,2016
2628,3,Out,Collected,0.0,M2016012971-0,210-00,Single Family Detached,SINGLE FAMILY RESIDENTIAL,Single-family,unit,0.0,0.0,0.0,0.0,0.0,2016
2629,3,Out,Collected,0.0,M2016012980-0,210-00,Single Family Detached,SINGLE FAMILY RESIDENTIAL,Single-family,unit,8863.477,9958.276875485148,8581.43,1094.799875485147,1376.8468754851474,2016
2630,3,Out,Collected,0.0,M2016012982-0,210-00,Single Family Detached,SINGLE FAMILY RESIDENTIAL,Single-family,unit,8863.477,9958.276875485148,8581.43,1094.799875485147,1376.8468754851474,2016
2631,3,Out,Collected,0.0,M2016013153-0,210-00,Single Family Detached,SINGLE FAMILY RESIDENTIAL,Single-family,unit,8863.477,9958.276875485148,8581.43,1094.799875485147,1376.8468754851474,2016
2632,3,Out,Collected,0.0,M2016013188-0,210-00,Single Family Detached,SINGLE FAMILY RESIDENTIAL,Single-family,unit,8863.477,9958.276875485148,8581.43,1094.799875485147,1376.8468754851474,2016
2633,3,Out,Collected,0.0,M2016013189-0,210-00,Single Family Detached,SINGLE FAMILY RESIDENTIAL,Single-family,unit,8863.477,9958.276875485148,8581.43,1094.799875485147,1376.8468754851474,2016
2634,3,Out,Collected,0.0,M2016013190-0,210-00,Single Family Detached,SINGLE FAMILY RESIDENTIAL,Single-family,unit,8863.477,9958.276875485148,8581.43,1094.799875485147,1376.8468754851474,2016
2635,3,Out,Collected,0.0,M2016013191-0,210-00,Single Family Detached,SINGLE FAMILY RESIDENTIAL,Single-family,unit,8863.477,9958.276875485148,8581.43,1094.799875485147,1376.8468754851474,2016
2636,3,Out,Collected,0.0,M2016013395-0,210-00,Single Family Detached,SINGLE FAMILY RESIDENTIAL,Single-family,unit,8863.477,9958.276875485148,8581.43,1094.799875485147,1376.8468754851474,2016
2637,3,Out,Collected,0.0,M2016013397-0,210-00,Single Family Detached,SINGLE FAMILY RESIDENTIAL,Single-family,unit,8863.477,9958.276875485148,8581.43,1094.799875485147,1376.8468754851474,2016
2638,3,Out,Collected,0.0,M2016013398-0,210-00,Single Family Detached,SINGLE FAMILY RESIDENTIAL,Single-family,unit,8863.477,9958.276875485148,8581.43,1094.799875485147,1376.8468754851474,2016
2639,3,Out,Collected,0.0,M2016013514-0,820-03,"Shopping Center/General Retail [100,001-200,000]",COMMUNITY SHOPPING CENTER,Commercial/Retail,sq. ft.,5142.508401030001,7149.362159943151,4978.86,2006.8537589131502,2170.502159943151,2016
2640,3,Out,Collected,0.0,M2016013536-0,210-00,Single Family Detached,SINGLE FAMILY RESIDENTIAL,Single-family,unit,8863.477,9958.276875485148,8581.43,1094.799875485147,1376.8468754851474,2016
2641,3,Out,Collected,0.0,M2016013538-0,210-00,Single Family Detached,SINGLE FAMILY RESIDENTIAL,Single-family,unit,8863.477,9958.276875485148,8581.43,1094.799875485147,1376.8468754851474,2016
2642,3,Out,Collected,0.0,M2016013540-0,210-00,Single Family Detached,SINGLE FAMILY RESIDENTIAL,Single-family,unit,8863.477,9958.276875485148,8581.43,1094.799875485147,1376.8468754851474,2016
2643,3,Out,Collected,0.0,M2016013666-0,151-00,Mini-Warehouse,"WAREHOUSING, DISTRIBUTION TERMINALS",Industrial/Manufacturing,sq. ft.,85244.176185,60543.51271099056,82532.73999999999,-24700.663474009445,-21989.227289009432,2016
2644,3,Out,Collected,0.0,M2016013687-0,710-00,"General Office Building [1-50,000]","OFFICE, ONE STORY",Office,sq. ft.,-6426.73717,-6861.264283950283,-6222.243513513516,-434.5271139502829,-639.0207704367676,2016
2645,3,Out,Collected,0.0,M2016013687-0,720-00,Medical Office Building,PROFESSIONAL BUILDING,Office,sq. ft.,14841.043699999998,6285.576605481912,14368.813513513516,-8555.467094518086,-8083.236908031604,2016
2646,3,Out,Collected,0.0,M2016013741-0,210-00,Single Family Detached,SINGLE FAMILY RESIDENTIAL,Single-family,unit,8863.477,9958.276875485148,8581.43,1094.799875485147,1376.8468754851474,2016
2647,3,Out,Collected,0.0,M2016013745-0,210-00,Single Family Detached,SINGLE FAMILY RESIDENTIAL,Single-family,unit,8863.477,9958.276875485148,8581.43,1094.799875485147,1376.8468754851474,2016
2648,3,Out,Collected,0.0,M2016013746-0,210-00,Single Family Detached,SINGLE FAMILY RESIDENTIAL,Single-family,unit,8863.477,9958.276875485148,8581.43,1094.799875485147,1376.8468754851474,2016
2649,3,Out,Collected,0.0,M2016013747-0,210-00,Single Family Detached,SINGLE FAMILY RESIDENTIAL,Single-family,unit,8863.477,9958.276875485148,8581.43,1094.799875485147,1376.8468754851474,2016
2650,3,Out,Collected,0.0,M2016013775-0,231-00,Duplex,MULTI-FAMILY LESS THAN 10,Multifamily,unit,42794.598,39917.4996788515,57792.02,-2877.0983211485,-17874.5203211485,2016
2651,3,Out,Collected,0.0,M2016013779-0,231-00,Duplex,MULTI-FAMILY LESS THAN 10,Multifamily,unit,42794.598,39917.4996788515,57792.02,-2877.0983211485,-17874.5203211485,2016
2652,3,Out,Collected,0.0,M2016013912-0,210-00,Single Family Detached,SINGLE FAMILY RESIDENTIAL,Single-family,unit,8863.477,9958.276875485148,8581.43,1094.799875485147,1376.8468754851474,2016
2653,3,Out,Collected,0.0,M2016013913-0,210-00,Single Family Detached,SINGLE FAMILY RESIDENTIAL,Single-family,unit,8863.477,9958.276875485148,8581.43,1094.799875485147,1376.8468754851474,2016
2654,3,Out,Collected,0.0,M2016013916-0,210-00,Single Family Detached,SINGLE FAMILY RESIDENTIAL,Single-family,unit,8863.477,9958.276875485148,8581.43,1094.799875485147,1376.8468754851474,2016
2655,3,Out,Collected,0.0,M2016013918-0,210-00,Single Family Detached,SINGLE FAMILY RESIDENTIAL,Single-family,unit,8863.477,9958.276875485148,8581.43,1094.799875485147,1376.8468754851474,2016
2656,3,Out,Collected,0.0,M2016013920-0,210-00,Single Family Detached,SINGLE FAMILY RESIDENTIAL,Single-family,unit,8863.477,9958.276875485148,8581.43,1094.799875485147,1376.8468754851474,2016
2657,3,Out,Collected,0.0,M2016013921-0,210-00,Single Family Detached,SINGLE FAMILY RESIDENTIAL,Single-family,unit,8863.477,9958.276875485148,8581.43,1094.799875485147,1376.8468754851474,2016
2658,3,Out,Collected,0.0,M2016013922-0,210-00,Single Family Detached,SINGLE FAMILY RESIDENTIAL,Single-family,unit,8863.477,9958.276875485148,8581.43,1094.799875485147,1376.8468754851474,2016
2659,3,Out,Collected,0.0,M2016013923-0,210-00,Single Family Detached,SINGLE FAMILY RESIDENTIAL,Single-family,unit,8863.477,9958.276875485148,8581.43,1094.799875485147,1376.8468754851474,2016
2660,3,Out,Collected,0.0,M2016013924-0,210-00,Single Family Detached,SINGLE FAMILY RESIDENTIAL,Single-family,unit,8863.477,9958.276875485148,8581.43,1094.799875485147,1376.8468754851474,2016
2661,3,Out,Collected,0.0,M2016013926-0,210-00,Single Family Detached,SINGLE FAMILY RESIDENTIAL,Single-family,unit,8863.477,9958.276875485148,8581.43,1094.799875485147,1376.8468754851474,2016
2662,3,Out,Collected,0.0,M2016013953-0,210-00,Single Family Detached,SINGLE FAMILY RESIDENTIAL,Single-family,unit,8863.477,9958.276875485148,8581.43,1094.799875485147,1376.8468754851474,2016
2663,3,Out,Collected,0.0,M2016013955-0,210-00,Single Family Detached,SINGLE FAMILY RESIDENTIAL,Single-family,unit,8863.477,9958.276875485148,8581.43,1094.799875485147,1376.8468754851474,2016
2664,3,Out,Collected,0.0,M2016013968-0,210-00,Single Family Detached,SINGLE FAMILY RESIDENTIAL,Single-family,unit,8863.477,9958.276875485148,8581.43,1094.799875485147,1376.8468754851474,2016
2665,3,Out,Collected,0.0,M2016013970-0,210-00,Single Family Detached,SINGLE FAMILY RESIDENTIAL,Single-family,unit,8863.477,9958.276875485148,8581.43,1094.799875485147,1376.8468754851474,2016
2666,3,Out,Collected,0.0,M2016013971-0,210-00,Single Family Detached,SINGLE FAMILY RESIDENTIAL,Single-family,unit,8863.477,9958.276875485148,8581.43,1094.799875485147,1376.8468754851474,2016
2667,3,Out,Collected,0.0,M2016013974-0,210-00,Single Family Detached,SINGLE FAMILY RESIDENTIAL,Single-family,unit,8863.477,9958.276875485148,8581.43,1094.799875485147,1376.8468754851474,2016
2668,3,Out,Collected,0.0,M2016013976-0,210-00,Single Family Detached,SINGLE FAMILY RESIDENTIAL,Single-family,unit,8863.477,9958.276875485148,8581.43,1094.799875485147,1376.8468754851474,2016
2669,3,Out,Collected,0.0,M2016013977-0,210-00,Single Family Detached,SINGLE FAMILY RESIDENTIAL,Single-family,unit,8863.477,9958.276875485148,8581.43,1094.799875485147,1376.8468754851474,2016
2670,3,Out,Collected,0.0,M2016013979-0,210-00,Single Family Detached,SINGLE FAMILY RESIDENTIAL,Single-family,unit,8863.477,9958.276875485148,8581.43,1094.799875485147,1376.8468754851474,2016
2671,3,Out,Collected,0.0,M2016013985-0,210-00,Single Family Detached,SINGLE FAMILY RESIDENTIAL,Single-family,unit,8863.477,9958.276875485148,8581.43,1094.799875485147,1376.8468754851474,2016
2672,3,Out,Collected,0.0,M2016013994-0,210-00,Single Family Detached,SINGLE FAMILY RESIDENTIAL,Single-family,unit,8863.477,9958.276875485148,8581.43,1094.799875485147,1376.8468754851474,2016
2673,3,Out,Collected,0.0,M2016014000-0,210-00,Single Family Detached,SINGLE FAMILY RESIDENTIAL,Single-family,unit,8863.477,9958.276875485148,8581.43,1094.799875485147,1376.8468754851474,2016
2674,3,Out,Collected,0.0,M2016014001-0,210-00,Single Family Detached,SINGLE FAMILY RESIDENTIAL,Single-family,unit,8863.477,9958.276875485148,8581.43,1094.799875485147,1376.8468754851474,2016
2675,3,Out,Collected,0.0,M2016014002-0,210-00,Single Family Detached,SINGLE FAMILY RESIDENTIAL,Single-family,unit,8863.477,9958.276875485148,8581.43,1094.799875485147,1376.8468754851474,2016
2676,3,Out,Collected,0.0,M2016014003-0,210-00,Single Family Detached,SINGLE FAMILY RESIDENTIAL,Single-family,unit,8863.477,9958.276875485148,8581.43,1094.799875485147,1376.8468754851474,2016
2677,3,Out,Collected,0.0,M2016014008-0,210-00,Single Family Detached,SINGLE FAMILY RESIDENTIAL,Single-family,unit,8863.477,9958.276875485148,8581.43,1094.799875485147,1376.8468754851474,2016
2678,3,Out,Collected,0.0,M2016014012-0,210-00,Single Family Detached,SINGLE FAMILY RESIDENTIAL,Single-family,unit,8863.477,9958.276875485148,8581.43,1094.799875485147,1376.8468754851474,2016
2679,3,Out,Collected,0.0,M2016014013-0,210-00,Single Family Detached,SINGLE FAMILY RESIDENTIAL,Single-family,unit,8863.477,9958.276875485148,8581.43,1094.799875485147,1376.8468754851474,2016
2680,3,Out,Collected,0.0,M2016014018-0,210-00,Single Family Detached,SINGLE FAMILY RESIDENTIAL,Single-family,unit,8863.477,9958.276875485148,8581.43,1094.799875485147,1376.8468754851474,2016
2681,3,Out,Collected,0.0,M2016014019-0,210-00,Single Family Detached,SINGLE FAMILY RESIDENTIAL,Single-family,unit,8863.477,9958.276875485148,8581.43,1094.799875485147,1376.8468754851474,2016
2682,3,Out,Collected,0.0,M2016014020-0,210-00,Single Family Detached,SINGLE FAMILY RESIDENTIAL,Single-family,unit,8863.477,9958.276875485148,8581.43,1094.799875485147,1376.8468754851474,2016
2683,3,Out,Collected,0.0,M2016014021-0,210-00,Single Family Detached,SINGLE FAMILY RESIDENTIAL,Single-family,unit,8863.477,9958.276875485148,8581.43,1094.799875485147,1376.8468754851474,2016
2684,3,Out,Collected,0.0,M2016014022-0,210-00,Single Family Detached,SINGLE FAMILY RESIDENTIAL,Single-family,unit,8863.477,9958.276875485148,8581.43,1094.799875485147,1376.8468754851474,2016
2685,3,Out,Collected,0.0,M2016014024-0,210-00,Single Family Detached,SINGLE FAMILY RESIDENTIAL,Single-family,unit,8863.477,9958.276875485148,8581.43,1094.799875485147,1376.8468754851474,2016
2686,3,Out,Collected,0.0,M2016014025-0,210-00,Single Family Detached,SINGLE FAMILY RESIDENTIAL,Single-family,unit,8863.477,9958.276875485148,8581.43,1094.799875485147,1376.8468754851474,2016
2687,3,Out,Collected,0.0,M2016014026-0,210-00,Single Family Detached,SINGLE FAMILY RESIDENTIAL,Single-family,unit,8863.477,9958.276875485148,8581.43,1094.799875485147,1376.8468754851474,2016
2688,3,Out,Collected,0.0,M2016014028-0,210-00,Single Family Detached,SINGLE FAMILY RESIDENTIAL,Single-family,unit,8863.477,9958.276875485148,8581.43,1094.799875485147,1376.8468754851474,2016
2689,3,Out,Collected,0.0,M2016014035-0,210-00,Single Family Detached,SINGLE FAMILY RESIDENTIAL,Single-family,unit,8863.477,9958.276875485148,8581.43,1094.799875485147,1376.8468754851474,2016
2690,3,Out,Collected,0.0,M2016014036-0,210-00,Single Family Detached,SINGLE FAMILY RESIDENTIAL,Single-family,unit,8863.477,9958.276875485148,8581.43,1094.799875485147,1376.8468754851474,2016
2691,3,Out,Collected,0.0,M2016014037-0,210-00,Single Family Detached,SINGLE FAMILY RESIDENTIAL,Single-family,unit,8863.477,9958.276875485148,8581.43,1094.799875485147,1376.8468754851474,2016
2692,3,Out,Collected,0.0,M2016014047-0,210-00,Single Family Detached,SINGLE FAMILY RESIDENTIAL,Single-family,unit,8863.477,9958.276875485148,8581.43,1094.799875485147,1376.8468754851474,2016
2693,3,Out,Collected,0.0,M2016014048-0,210-00,Single Family Detached,SINGLE FAMILY RESIDENTIAL,Single-family,unit,8863.477,9958.276875485148,8581.43,1094.799875485147,1376.8468754851474,2016
2694,3,Out,Collected,0.0,M2016014050-0,210-00,Single Family Detached,SINGLE FAMILY RESIDENTIAL,Single-family,unit,8863.477,9958.276875485148,8581.43,1094.799875485147,1376.8468754851474,2016
2695,3,Out,Collected,0.0,M2016014052-0,210-00,Single Family Detached,SINGLE FAMILY RESIDENTIAL,Single-family,unit,8863.477,9958.276875485148,8581.43,1094.799875485147,1376.8468754851474,2016
2696,3,Out,Collected,0.0,M2016014054-0,210-00,Single Family Detached,SINGLE FAMILY RESIDENTIAL,Single-family,unit,8863.477,9958.276875485148,8581.43,1094.799875485147,1376.8468754851474,2016
2697,3,Out,Collected,0.0,M2016014055-0,210-00,Single Family Detached,SINGLE FAMILY RESIDENTIAL,Single-family,unit,8863.477,9958.276875485148,8581.43,1094.799875485147,1376.8468754851474,2016
2698,3,Out,Collected,0.0,M2016014058-0,210-00,Single Family Detached,SINGLE FAMILY RESIDENTIAL,Single-family,unit,8863.477,9958.276875485148,8581.43,1094.799875485147,1376.8468754851474,2016
2699,3,Out,Collected,0.0,M2016014083-0,210-00,Single Family Detached,SINGLE FAMILY RESIDENTIAL,Single-family,unit,8863.477,9958.276875485148,8581.43,1094.799875485147,1376.8468754851474,2016
2700,3,Out,Collected,0.0,M2016014085-0,210-00,Single Family Detached,SINGLE FAMILY RESIDENTIAL,Single-family,unit,8863.477,9958.276875485148,8581.43,1094.799875485147,1376.8468754851474,2016
2701,3,Out,Collected,0.0,M2016014086-0,210-00,Single Family Detached,SINGLE FAMILY RESIDENTIAL,Single-family,unit,8863.477,9958.276875485148,8581.43,1094.799875485147,1376.8468754851474,2016
2702,3,Out,Collected,0.0,M2016014088-0,210-00,Single Family Detached,SINGLE FAMILY RESIDENTIAL,Single-family,unit,8863.477,9958.276875485148,8581.43,1094.799875485147,1376.8468754851474,2016
2703,3,Out,Collected,0.0,M2016014090-0,210-00,Single Family Detached,SINGLE FAMILY RESIDENTIAL,Single-family,unit,8863.477,9958.276875485148,8581.43,1094.799875485147,1376.8468754851474,2016
2704,3,Out,Collected,0.0,M2016014091-0,210-00,Single Family Detached,SINGLE FAMILY RESIDENTIAL,Single-family,unit,8863.477,9958.276875485148,8581.43,1094.799875485147,1376.8468754851474,2016
2705,3,Out,Collected,0.0,M2016014092-0,210-00,Single Family Detached,SINGLE FAMILY RESIDENTIAL,Single-family,unit,8863.477,9958.276875485148,8581.43,1094.799875485147,1376.8468754851474,2016
2706,3,Out,Collected,0.0,M2016014095-0,210-00,Single Family Detached,SINGLE FAMILY RESIDENTIAL,Single-family,unit,8863.477,9958.276875485148,8581.43,1094.799875485147,1376.8468754851474,2016
2707,3,Out,Collected,0.0,M2016014098-0,210-00,Single Family Detached,SINGLE FAMILY RESIDENTIAL,Single-family,unit,8863.477,9958.276875485148,8581.43,1094.799875485147,1376.8468754851474,2016
2708,3,Out,Collected,0.0,M2016014315-0,210-00,Single Family Detached,SINGLE FAMILY RESIDENTIAL,Single-family,unit,8863.477,9958.276875485148,8581.43,1094.799875485147,1376.8468754851474,2016
2709,3,Out,Collected,0.0,M2016014515-0,210-00,Single Family Detached,SINGLE FAMILY RESIDENTIAL,Single-family,unit,0.0,0.0,0.0,0.0,0.0,2016
2710,3,Out,Collected,0.0,M2016014552-0,150-00,Warehousing,"WAREHOUSING, DISTRIBUTION TERMINALS",Industrial/Manufacturing,sq. ft.,915016.74264,361579.0789848433,885903.7000000001,-553437.6636551567,-524324.6210151569,2016
2711,3,Out,Collected,0.0,M2016014688-0,210-00,Single Family Detached,SINGLE FAMILY RESIDENTIAL,Single-family,unit,0.0,0.0,0.0,0.0,0.0,2016
2712,3,Out,Collected,0.0,M2016014829-0,210-00,Single Family Detached,SINGLE FAMILY RESIDENTIAL,Single-family,unit,8863.477,9958.276875485148,8581.43,1094.799875485147,1376.8468754851474,2016
2713,3,Out,Collected,0.0,M2016014830-0,210-00,Single Family Detached,SINGLE FAMILY RESIDENTIAL,Single-family,unit,8863.477,9958.276875485148,8581.43,1094.799875485147,1376.8468754851474,2016
2714,3,Out,Collected,0.0,M2016014833-0,210-00,Single Family Detached,SINGLE FAMILY RESIDENTIAL,Single-family,unit,8863.477,9958.276875485148,8581.43,1094.799875485147,1376.8468754851474,2016
2715,3,Out,Collected,0.0,M2016014977-0,550-00,University (20 SF/St),COLLEGES,Other,student,125189.043,48271.001163224704,121205.77397216839,-76918.0418367753,-72934.77280894369,2016
2716,3,Out,Collected,0.0,M2016014977-0,710-00,"General Office Building [1-50,000]","OFFICE, ONE STORY",Office,sq. ft.,-79084.972456,-84432.09712115,-76568.64423907369,-5347.124665149997,-7863.452882076308,2016
2717,3,Out,Collected,0.0,M2016014977-0,820-00,"Shopping Center/General Retail [1-10,000]","STORES, ONE STORY",Commercial/Retail,sq. ft.,14613.699429000002,15178.839963138395,14148.720266905311,565.1405341383925,1030.1196962330832,2016
2718,3,Out,Collected,0.0,M2016014994-0,565-00,Day Care Center,PRIVATE SCHOOLS & COLLEGES,Other,sq. ft.,0.0,0.0,0.0,0.0,0.0,2016
2719,3,Out,Collected,0.0,M2016015189-0,210-00,Single Family Detached,SINGLE FAMILY RESIDENTIAL,Single-family,unit,8863.477,9958.276875485148,8581.43,1094.799875485147,1376.8468754851474,2016
2720,3,Out,Collected,0.0,M2016015190-0,210-00,Single Family Detached,SINGLE FAMILY RESIDENTIAL,Single-family,unit,8863.477,9958.276875485148,8581.43,1094.799875485147,1376.8468754851474,2016
2721,3,Out,Collected,0.0,M2016015191-0,210-00,Single Family Detached,SINGLE FAMILY RESIDENTIAL,Single-family,unit,8863.477,9958.276875485148,8581.43,1094.799875485147,1376.8468754851474,2016
2722,3,Out,Collected,0.0,M2016015195-0,210-00,Single Family Detached,SINGLE FAMILY RESIDENTIAL,Single-family,unit,8863.477,9958.276875485148,8581.43,1094.799875485147,1376.8468754851474,2016
2723,3,Out,Collected,0.0,M2016015198-0,210-00,Single Family Detached,SINGLE FAMILY RESIDENTIAL,Single-family,unit,8863.477,9958.276875485148,8581.43,1094.799875485147,1376.8468754851474,2016
2724,3,Out,Collected,0.0,M2016015199-0,210-00,Single Family Detached,SINGLE FAMILY RESIDENTIAL,Single-family,unit,8863.477,9958.276875485148,8581.43,1094.799875485147,1376.8468754851474,2016
2725,3,Out,Collected,0.0,M2016015201-0,210-00,Single Family Detached,SINGLE FAMILY RESIDENTIAL,Single-family,unit,8863.477,9958.276875485148,8581.43,1094.799875485147,1376.8468754851474,2016
2726,3,Out,Collected,0.0,M2016015332-0,210-00,Single Family Detached,SINGLE FAMILY RESIDENTIAL,Single-family,unit,8863.477,9958.276875485148,8581.43,1094.799875485147,1376.8468754851474,2016
2727,3,Out,Collected,0.0,M2016015335-0,210-00,Single Family Detached,SINGLE FAMILY RESIDENTIAL,Single-family,unit,8863.477,9958.276875485148,8581.43,1094.799875485147,1376.8468754851474,2016
2728,3,Out,Collected,0.0,M2016015338-0,210-00,Single Family Detached,SINGLE FAMILY RESIDENTIAL,Single-family,unit,8863.477,9958.276875485148,8581.43,1094.799875485147,1376.8468754851474,2016
2729,3,Out,Collected,0.0,M2016015386-0,231-00,Duplex,MULTI-FAMILY LESS THAN 10,Multifamily,unit,27232.926,25402.045250178224,36776.74,-1830.8807498217757,-11374.694749821774,2016
2730,3,Out,Collected,0.0,M2016015408-0,210-00,Single Family Detached,SINGLE FAMILY RESIDENTIAL,Single-family,unit,8863.477,9958.276875485148,8581.43,1094.799875485147,1376.8468754851474,2016
2731,3,Out,Collected,0.0,M2016015422-0,210-00,Single Family Detached,SINGLE FAMILY RESIDENTIAL,Single-family,unit,-16760.996000000003,-19916.553750970295,-24533.058579007593,-3155.5577509702925,4616.504828037298,2016
2732,3,Out,Collected,0.0,M2016015422-0,231-00,Duplex,MULTI-FAMILY LESS THAN 10,Multifamily,unit,73554.6,72577.27214336635,107661.81857900758,-977.3278566336521,-35084.54643564123,2016
2733,3,Out,Collected,0.0,M2016015471-0,210-00,Single Family Detached,SINGLE FAMILY RESIDENTIAL,Single-family,unit,8863.477,9958.276875485148,8581.43,1094.799875485147,1376.8468754851474,2016
2734,3,Out,Collected,0.0,M2016015473-0,210-00,Single Family Detached,SINGLE FAMILY RESIDENTIAL,Single-family,unit,8863.477,9958.276875485148,8581.43,1094.799875485147,1376.8468754851474,2016
2735,3,Out,Collected,0.0,M2016015474-0,210-00,Single Family Detached,SINGLE FAMILY RESIDENTIAL,Single-family,unit,8863.477,9958.276875485148,8581.43,1094.799875485147,1376.8468754851474,2016
2736,3,Out,Collected,0.0,M2016015476-0,210-00,Single Family Detached,SINGLE FAMILY RESIDENTIAL,Single-family,unit,8863.477,9958.276875485148,8581.43,1094.799875485147,1376.8468754851474,2016
2737,3,Out,Collected,0.0,M2016015479-0,210-00,Single Family Detached,SINGLE FAMILY RESIDENTIAL,Single-family,unit,8863.477,9958.276875485148,8581.43,1094.799875485147,1376.8468754851474,2016
2738,3,Out,Collected,0.0,M2016015615-0,210-00,Single Family Detached,SINGLE FAMILY RESIDENTIAL,Single-family,unit,8863.477,9958.276875485148,8581.43,1094.799875485147,1376.8468754851474,2016
2739,3,Out,Collected,0.0,M2016015617-0,210-00,Single Family Detached,SINGLE FAMILY RESIDENTIAL,Single-family,unit,8863.477,9958.276875485148,8581.43,1094.799875485147,1376.8468754851474,2016
2740,3,Out,Collected,0.0,M2016015639-0,210-00,Single Family Detached,SINGLE FAMILY RESIDENTIAL,Single-family,unit,8380.498000000001,9958.276875485148,8113.82,1577.7788754851463,1844.456875485148,2016
2741,3,Out,Collected,0.0,M2016015767-1,150-00,Warehousing,"WAREHOUSING, DISTRIBUTION TERMINALS",Industrial/Manufacturing,sq. ft.,-5007.561720000001,-2093.236593757472,-2147.7914031451915,2914.3251262425288,54.554809387719615,2016
2742,3,Out,Collected,0.0,M2016015767-1,820-00,"Shopping Center/General Retail [1-10,000]","STORES, ONE STORY",Commercial/Retail,sq. ft.,18819.60906,20673.688838683116,8071.911403145192,1854.0797786831172,12601.777435537924,2016
2743,3,Out,Collected,0.0,M2016015990-0,210-00,Single Family Detached,SINGLE FAMILY RESIDENTIAL,Single-family,unit,0.0,0.0,0.0,0.0,0.0,2016
2744,3,Out,Collected,0.0,M2016016036-0,520-00,Elementary School (30 SF/St),PUBLIC COUNTY SCHOOLS,Other,student,0.0,0.0,0.0,0.0,0.0,2016
2745,3,Out,Collected,0.0,M2016016041-0,231-00,Duplex,MULTI-FAMILY LESS THAN 10,Multifamily,unit,27232.926,25402.045250178224,36776.74,-1830.8807498217757,-11374.694749821774,2016
2746,3,Out,Collected,0.0,M2016016043-0,820-00,"Shopping Center/General Retail [1-10,000]","STORES, ONE STORY",Commercial/Retail,sq. ft.,3565.820664,3917.1199904873274,3452.35,351.29932648732756,464.7699904873275,2016
2747,3,Out,Collected,0.0,M2016016115-0,210-00,Single Family Detached,SINGLE FAMILY RESIDENTIAL,Single-family,unit,8863.477,9958.276875485148,8581.43,1094.799875485147,1376.8468754851474,2016
2748,3,Out,Collected,0.0,M2016016116-0,210-00,Single Family Detached,SINGLE FAMILY RESIDENTIAL,Single-family,unit,8863.477,9958.276875485148,8581.43,1094.799875485147,1376.8468754851474,2016
2749,3,Out,Collected,0.0,M2016016117-0,210-00,Single Family Detached,SINGLE FAMILY RESIDENTIAL,Single-family,unit,8863.477,9958.276875485148,8581.43,1094.799875485147,1376.8468754851474,2016
2750,3,Out,Collected,0.0,M2016016119-0,210-00,Single Family Detached,SINGLE FAMILY RESIDENTIAL,Single-family,unit,8863.477,9958.276875485148,8581.43,1094.799875485147,1376.8468754851474,2016
2751,3,Out,Collected,0.0,M2016016135-0,210-00,Single Family Detached,SINGLE FAMILY RESIDENTIAL,Single-family,unit,8863.477,9958.276875485148,8581.43,1094.799875485147,1376.8468754851474,2016
2752,3,Out,Collected,0.0,M2016016239-0,210-00,Single Family Detached,SINGLE FAMILY RESIDENTIAL,Single-family,unit,8863.477,9958.276875485148,8581.43,1094.799875485147,1376.8468754851474,2016
2753,3,Out,Collected,0.0,M2016016243-0,210-00,Single Family Detached,SINGLE FAMILY RESIDENTIAL,Single-family,unit,8863.477,9958.276875485148,8581.43,1094.799875485147,1376.8468754851474,2016
2754,3,Out,Collected,0.0,M2016016244-0,210-00,Single Family Detached,SINGLE FAMILY RESIDENTIAL,Single-family,unit,8863.477,9958.276875485148,8581.43,1094.799875485147,1376.8468754851474,2016
2755,3,Out,Collected,0.0,M2016016352-0,520-00,Elementary School (30 SF/St),PUBLIC COUNTY SCHOOLS,Other,student,9785.125,105706.54849601028,1343.84,95921.42349601028,104362.70849601028,2016
2756,3,Out,Collected,0.0,M2016016362-0,210-00,Single Family Detached,SINGLE FAMILY RESIDENTIAL,Single-family,unit,8863.477,9958.276875485148,8581.43,1094.799875485147,1376.8468754851474,2016
2757,3,Out,Collected,0.0,M2016016366-0,210-00,Single Family Detached,SINGLE FAMILY RESIDENTIAL,Single-family,unit,8863.477,9958.276875485148,8581.43,1094.799875485147,1376.8468754851474,2016
2758,3,Out,Collected,0.0,M2016016370-0,210-00,Single Family Detached,SINGLE FAMILY RESIDENTIAL,Single-family,unit,8863.477,9958.276875485148,8581.43,1094.799875485147,1376.8468754851474,2016
2759,3,Out,Collected,0.0,M2016016374-0,210-00,Single Family Detached,SINGLE FAMILY RESIDENTIAL,Single-family,unit,8863.477,9958.276875485148,8581.43,1094.799875485147,1376.8468754851474,2016
2760,3,Out,Collected,0.0,M2016016375-0,210-00,Single Family Detached,SINGLE FAMILY RESIDENTIAL,Single-family,unit,8863.477,9958.276875485148,8581.43,1094.799875485147,1376.8468754851474,2016
2761,3,Out,Collected,0.0,M2016016376-0,210-00,Single Family Detached,SINGLE FAMILY RESIDENTIAL,Single-family,unit,8863.477,9958.276875485148,8581.43,1094.799875485147,1376.8468754851474,2016
2762,3,Out,Collected,0.0,M2016016377-0,210-00,Single Family Detached,SINGLE FAMILY RESIDENTIAL,Single-family,unit,8863.477,9958.276875485148,8581.43,1094.799875485147,1376.8468754851474,2016
2763,3,Out,Collected,0.0,M2016016408-0,150-00,Warehousing,"WAREHOUSING, DISTRIBUTION TERMINALS",Industrial/Manufacturing,sq. ft.,-1728.550824,-683.056151647175,-1673.5414455331409,1045.4946723528249,990.4852938859658,2016
2764,3,Out,Collected,0.0,M2016016408-0,820-00,"Shopping Center/General Retail [1-10,000]","STORES, ONE STORY",Commercial/Retail,sq. ft.,6494.977524000001,6746.151094728175,6288.281445533141,251.17357072817413,457.86964919503407,2016
2765,3,Out,Collected,0.0,M2016016462-0,210-00,Single Family Detached,SINGLE FAMILY RESIDENTIAL,Single-family,unit,8863.477,9958.276875485148,8581.43,1094.799875485147,1376.8468754851474,2016
2766,3,Out,Collected,0.0,M2016016661-0,820-00,"Shopping Center/General Retail [1-10,000]","STORES, ONE STORY",Commercial/Retail,sq. ft.,-19298.353500999998,-21199.598467035583,-18684.25215012454,-1901.244966035585,-2515.3463169110437,2016
2767,3,Out,Collected,0.0,M2016016661-0,937-00,Coffee/Donut Shop,DRIVE-IN RESTAURANTS,Commercial/Retail,sq. ft.,60196.635632,105037.36444231574,58281.09215012455,44840.72881031574,46756.27229219119,2016
2768,3,Out,Collected,0.0,M2016016818-0,310-00,Hotel,"HOTELS, MOTELS",Commercial/Retail,room,933477.2930000001,996545.0210522576,903773.4498302231,63067.72805225756,92771.57122203452,2016
2769,3,Out,Collected,0.0,M2016016818-0,710-01,"General Office Building [50,001 -100,000]","OFFICE, ONE STORY",Office,sq. ft.,-404346.575913,-489884.8087412095,-391480.0098302232,-85538.23282820953,-98404.79891098628,2016
2770,3,Out,Collected,0.0,M2016016847-0,210-00,Single Family Detached,SINGLE FAMILY RESIDENTIAL,Single-family,unit,8863.477,9958.276875485148,8581.43,1094.799875485147,1376.8468754851474,2016
2771,3,Out,Collected,0.0,M2016016848-0,210-00,Single Family Detached,SINGLE FAMILY RESIDENTIAL,Single-family,unit,8863.477,9958.276875485148,8581.43,1094.799875485147,1376.8468754851474,2016
2772,3,Out,Collected,0.0,M2016016850-0,210-00,Single Family Detached,SINGLE FAMILY RESIDENTIAL,Single-family,unit,8863.477,9958.276875485148,8581.43,1094.799875485147,1376.8468754851474,2016
2773,3,Out,Collected,0.0,M2016016852-0,210-00,Single Family Detached,SINGLE FAMILY RESIDENTIAL,Single-family,unit,8863.477,9958.276875485148,8581.43,1094.799875485147,1376.8468754851474,2016
2774,3,Out,Collected,0.0,M2016016853-0,210-00,Single Family Detached,SINGLE FAMILY RESIDENTIAL,Single-family,unit,8863.477,9958.276875485148,8581.43,1094.799875485147,1376.8468754851474,2016
2775,3,Out,Collected,0.0,M2016016867-0,210-00,Single Family Detached,SINGLE FAMILY RESIDENTIAL,Single-family,unit,8863.477,9958.276875485148,8581.43,1094.799875485147,1376.8468754851474,2016
2776,3,Out,Collected,0.0,M2016016934-0,231-00,Duplex,MULTI-FAMILY LESS THAN 10,Multifamily,unit,70027.524,65319.54492902972,94568.76,-4707.979070970287,-29249.215070970276,2016
2777,3,Out,Collected,0.0,M2016016936-0,231-00,Duplex,MULTI-FAMILY LESS THAN 10,Multifamily,unit,31123.344,29030.90885734654,42030.56,-2092.4351426534595,-12999.651142653456,2016
2778,3,Out,Collected,0.0,M2016016937-0,231-00,Duplex,MULTI-FAMILY LESS THAN 10,Multifamily,unit,23342.508,21773.181643009906,31522.92,-1569.3263569900955,-9749.738356990092,2016
2779,3,Out,Collected,0.0,M2016016938-0,231-00,Duplex,MULTI-FAMILY LESS THAN 10,Multifamily,unit,23342.508,21773.181643009906,31522.92,-1569.3263569900955,-9749.738356990092,2016
2780,3,Out,Collected,0.0,M2016017145-0,210-00,Single Family Detached,SINGLE FAMILY RESIDENTIAL,Single-family,unit,8863.477,9958.276875485148,8581.43,1094.799875485147,1376.8468754851474,2016
2781,3,Out,Collected,0.0,M2016017146-0,210-00,Single Family Detached,SINGLE FAMILY RESIDENTIAL,Single-family,unit,8863.477,9958.276875485148,8581.43,1094.799875485147,1376.8468754851474,2016
2782,3,Out,Collected,0.0,M2016017148-0,210-00,Single Family Detached,SINGLE FAMILY RESIDENTIAL,Single-family,unit,8863.477,9958.276875485148,8581.43,1094.799875485147,1376.8468754851474,2016
2783,3,Out,Collected,0.0,M2016017151-0,210-00,Single Family Detached,SINGLE FAMILY RESIDENTIAL,Single-family,unit,8863.477,9958.276875485148,8581.43,1094.799875485147,1376.8468754851474,2016
2784,3,Out,Collected,0.0,M2016017156-0,210-00,Single Family Detached,SINGLE FAMILY RESIDENTIAL,Single-family,unit,8863.477,9958.276875485148,8581.43,1094.799875485147,1376.8468754851474,2016
2785,3,Out,Collected,0.0,M2016017375-0,210-00,Single Family Detached,SINGLE FAMILY RESIDENTIAL,Single-family,unit,8863.477,9958.276875485148,8581.43,1094.799875485147,1376.8468754851474,2016
2786,3,Out,Collected,0.0,M2016017379-0,210-00,Single Family Detached,SINGLE FAMILY RESIDENTIAL,Single-family,unit,8863.477,9958.276875485148,8581.43,1094.799875485147,1376.8468754851474,2016
2787,3,Out,Collected,0.0,M2016017381-0,210-00,Single Family Detached,SINGLE FAMILY RESIDENTIAL,Single-family,unit,8863.477,9958.276875485148,8581.43,1094.799875485147,1376.8468754851474,2016
2788,3,Out,Collected,0.0,M2016017382-0,210-00,Single Family Detached,SINGLE FAMILY RESIDENTIAL,Single-family,unit,8863.477,9958.276875485148,8581.43,1094.799875485147,1376.8468754851474,2016
2789,3,Out,Collected,0.0,M2016017383-0,210-00,Single Family Detached,SINGLE FAMILY RESIDENTIAL,Single-family,unit,8863.477,9958.276875485148,8581.43,1094.799875485147,1376.8468754851474,2016
2790,3,Out,Collected,0.0,M2016017386-0,210-00,Single Family Detached,SINGLE FAMILY RESIDENTIAL,Single-family,unit,8863.477,9958.276875485148,8581.43,1094.799875485147,1376.8468754851474,2016
2791,3,Out,Collected,0.0,M2016017388-0,210-00,Single Family Detached,SINGLE FAMILY RESIDENTIAL,Single-family,unit,8863.477,9958.276875485148,8581.43,1094.799875485147,1376.8468754851474,2016
2792,3,Out,Collected,0.0,M2016017399-0,210-00,Single Family Detached,SINGLE FAMILY RESIDENTIAL,Single-family,unit,8863.477,9958.276875485148,8581.43,1094.799875485147,1376.8468754851474,2016
2793,3,Out,Collected,0.0,M2016017401-0,210-00,Single Family Detached,SINGLE FAMILY RESIDENTIAL,Single-family,unit,8863.477,9958.276875485148,8581.43,1094.799875485147,1376.8468754851474,2016
2794,3,Out,Collected,0.0,M2016017402-0,210-00,Single Family Detached,SINGLE FAMILY RESIDENTIAL,Single-family,unit,8863.477,9958.276875485148,8581.43,1094.799875485147,1376.8468754851474,2016
2795,3,Out,Collected,0.0,M2016017404-0,210-00,Single Family Detached,SINGLE FAMILY RESIDENTIAL,Single-family,unit,8863.477,9958.276875485148,8581.43,1094.799875485147,1376.8468754851474,2016
2796,3,Out,Collected,0.0,M2016017405-0,210-00,Single Family Detached,SINGLE FAMILY RESIDENTIAL,Single-family,unit,8863.477,9958.276875485148,8581.43,1094.799875485147,1376.8468754851474,2016
2797,3,Out,Collected,0.0,M2016017406-0,210-00,Single Family Detached,SINGLE FAMILY RESIDENTIAL,Single-family,unit,8863.477,9958.276875485148,8581.43,1094.799875485147,1376.8468754851474,2016
2798,3,Out,Collected,0.0,M2016017408-0,210-00,Single Family Detached,SINGLE FAMILY RESIDENTIAL,Single-family,unit,8863.477,9958.276875485148,8581.43,1094.799875485147,1376.8468754851474,2016
2799,3,Out,Collected,0.0,M2016017410-0,210-00,Single Family Detached,SINGLE FAMILY RESIDENTIAL,Single-family,unit,8863.477,9958.276875485148,8581.43,1094.799875485147,1376.8468754851474,2016
2800,3,Out,Collected,0.0,M2016017411-0,210-00,Single Family Detached,SINGLE FAMILY RESIDENTIAL,Single-family,unit,8863.477,9958.276875485148,8581.43,1094.799875485147,1376.8468754851474,2016
2801,3,Out,Collected,0.0,M2016017412-0,210-00,Single Family Detached,SINGLE FAMILY RESIDENTIAL,Single-family,unit,8863.477,9958.276875485148,8581.43,1094.799875485147,1376.8468754851474,2016
2802,3,Out,Collected,0.0,M2016017414-0,210-00,Single Family Detached,SINGLE FAMILY RESIDENTIAL,Single-family,unit,8863.477,9958.276875485148,8581.43,1094.799875485147,1376.8468754851474,2016
2803,3,Out,Collected,0.0,M2016017415-0,210-00,Single Family Detached,SINGLE FAMILY RESIDENTIAL,Single-family,unit,8863.477,9958.276875485148,8581.43,1094.799875485147,1376.8468754851474,2016
2804,3,Out,Collected,0.0,M2016017416-0,210-00,Single Family Detached,SINGLE FAMILY RESIDENTIAL,Single-family,unit,8863.477,9958.276875485148,8581.43,1094.799875485147,1376.8468754851474,2016
2805,3,Out,Collected,0.0,M2016017418-0,210-00,Single Family Detached,SINGLE FAMILY RESIDENTIAL,Single-family,unit,8863.477,9958.276875485148,8581.43,1094.799875485147,1376.8468754851474,2016
2806,3,Out,Collected,0.0,M2016017421-0,210-00,Single Family Detached,SINGLE FAMILY RESIDENTIAL,Single-family,unit,8863.477,9958.276875485148,8581.43,1094.799875485147,1376.8468754851474,2016
2807,3,Out,Collected,0.0,M2016017424-0,210-00,Single Family Detached,SINGLE FAMILY RESIDENTIAL,Single-family,unit,8863.477,9958.276875485148,8581.43,1094.799875485147,1376.8468754851474,2016
2808,3,Out,Collected,0.0,M2016017425-0,210-00,Single Family Detached,SINGLE FAMILY RESIDENTIAL,Single-family,unit,8863.477,9958.276875485148,8581.43,1094.799875485147,1376.8468754851474,2016
2809,3,Out,Collected,0.0,M2016017482-0,210-00,Single Family Detached,SINGLE FAMILY RESIDENTIAL,Single-family,unit,8863.477,9958.276875485148,8605.3,1094.799875485147,1352.9768754851484,2016
2810,3,Out,Collected,0.0,M2016017483-0,210-00,Single Family Detached,SINGLE FAMILY RESIDENTIAL,Single-family,unit,8863.477,9958.276875485148,8581.43,1094.799875485147,1376.8468754851474,2016
2811,3,Out,Collected,0.0,M2016017485-0,210-00,Single Family Detached,SINGLE FAMILY RESIDENTIAL,Single-family,unit,8863.477,9958.276875485148,8581.43,1094.799875485147,1376.8468754851474,2016
2812,3,Out,Collected,0.0,M2016017487-0,210-00,Single Family Detached,SINGLE FAMILY RESIDENTIAL,Single-family,unit,8863.477,9958.276875485148,8581.43,1094.799875485147,1376.8468754851474,2016
2813,3,Out,Collected,0.0,M2016017489-0,210-00,Single Family Detached,SINGLE FAMILY RESIDENTIAL,Single-family,unit,8863.477,9958.276875485148,8581.43,1094.799875485147,1376.8468754851474,2016
2814,3,Out,Collected,0.0,M2016017491-0,210-00,Single Family Detached,SINGLE FAMILY RESIDENTIAL,Single-family,unit,8863.477,9958.276875485148,8581.43,1094.799875485147,1376.8468754851474,2016
2815,3,Out,Collected,0.0,M2016017515-0,710-00,"General Office Building [1-50,000]","OFFICE, ONE STORY",Office,sq. ft.,12997.895400000001,13876.71428214664,12584.25,878.8188821466392,1292.4642821466405,2016
2816,3,Out,Collected,0.0,M2016017796-0,210-00,Single Family Detached,SINGLE FAMILY RESIDENTIAL,Single-family,unit,8863.477,9958.276875485148,8581.43,1094.799875485147,1376.8468754851474,2016
2817,3,Out,Collected,0.0,M2016017829-0,710-00,"General Office Building [1-50,000]","OFFICE, ONE STORY",Office,sq. ft.,-8589.839118000002,-9698.281426078041,-8316.488253469928,-1108.4423080780398,-1381.7931726081133,2016
2818,3,Out,Collected,0.0,M2016017829-0,720-00,Medical Office Building,PROFESSIONAL BUILDING,Office,sq. ft.,19834.854550000004,8884.55659516432,19203.65825346993,-10950.297954835683,-10319.10165830561,2016
2819,3,Out,Collected,0.0,M2016017954-0,210-00,Single Family Detached,SINGLE FAMILY RESIDENTIAL,Single-family,unit,8863.477,9958.276875485148,8581.43,1094.799875485147,1376.8468754851474,2016
2820,3,Out,Collected,0.0,M2016017956-0,210-00,Single Family Detached,SINGLE FAMILY RESIDENTIAL,Single-family,unit,8863.477,9958.276875485148,8581.43,1094.799875485147,1376.8468754851474,2016
2821,3,Out,Collected,0.0,M2016017961-0,210-00,Single Family Detached,SINGLE FAMILY RESIDENTIAL,Single-family,unit,8863.477,9958.276875485148,8581.43,1094.799875485147,1376.8468754851474,2016
2822,3,Out,Collected,0.0,M2016018010-0,210-00,Single Family Detached,SINGLE FAMILY RESIDENTIAL,Single-family,unit,0.0,0.0,0.0,0.0,0.0,2016
2823,3,Out,Collected,0.0,M2016018176-0,150-00,Warehousing,"WAREHOUSING, DISTRIBUTION TERMINALS",Industrial/Manufacturing,sq. ft.,-107142.271236,-42338.464367420864,-103732.2107810615,64803.80686857914,61393.746413640634,2016
2824,3,Out,Collected,0.0,M2016018176-0,710-00,"General Office Building [1-50,000]","OFFICE, ONE STORY",Office,sq. ft.,333006.08014800004,355521.41990859696,322407.3607810615,22515.339760596922,33114.05912753544,2016
2825,3,Out,Collected,0.0,M2017000219-0,210-00,Single Family Detached,SINGLE FAMILY RESIDENTIAL,Single-family,unit,8863.477,9958.276875485148,8863.480000000001,1094.799875485147,1094.7968754851463,2016
2826,3,Out,Collected,0.0,M2017000220-0,210-00,Single Family Detached,SINGLE FAMILY RESIDENTIAL,Single-family,unit,8863.477,9958.276875485148,8863.480000000001,1094.799875485147,1094.7968754851463,2016
2827,3,Out,Collected,0.0,M2017000306-0,210-00,Single Family Detached,SINGLE FAMILY RESIDENTIAL,Single-family,unit,8863.477,9958.276875485148,8863.480000000001,1094.799875485147,1094.7968754851463,2016
2828,3,Out,Collected,0.0,M2017000316-0,210-00,Single Family Detached,SINGLE FAMILY RESIDENTIAL,Single-family,unit,8863.477,9958.276875485148,8863.480000000001,1094.799875485147,1094.7968754851463,2016
2829,3,Out,Collected,0.0,M2017000317-0,210-00,Single Family Detached,SINGLE FAMILY RESIDENTIAL,Single-family,unit,8863.477,9958.276875485148,8863.480000000001,1094.799875485147,1094.7968754851463,2016
2830,3,Out,Collected,0.0,M2017000389-0,210-00,Single Family Detached,SINGLE FAMILY RESIDENTIAL,Single-family,unit,8863.477,9958.276875485148,8863.480000000001,1094.799875485147,1094.7968754851463,2016
2831,3,Out,Collected,0.0,M2017000390-0,210-00,Single Family Detached,SINGLE FAMILY RESIDENTIAL,Single-family,unit,8863.477,9958.276875485148,8863.480000000001,1094.799875485147,1094.7968754851463,2016
2832,3,Out,Collected,0.0,M2017000392-0,210-00,Single Family Detached,SINGLE FAMILY RESIDENTIAL,Single-family,unit,8863.477,9958.276875485148,8863.480000000001,1094.799875485147,1094.7968754851463,2016
2833,3,Out,Collected,0.0,M2017000429-0,150-00,Warehousing,"WAREHOUSING, DISTRIBUTION TERMINALS",Industrial/Manufacturing,sq. ft.,-1976.6691000000003,-826.277602799002,-1976.662082270408,1150.3914972009984,1150.384479471406,2016
2834,3,Out,Collected,0.0,M2017000429-0,710-00,"General Office Building [1-50,000]","OFFICE, ONE STORY",Office,sq. ft.,6145.353900000001,6938.35714107332,6145.332082270408,793.0032410733193,793.0250588029121,2016
2835,3,Out,Collected,0.0,M2017000540-0,210-00,Single Family Detached,SINGLE FAMILY RESIDENTIAL,Single-family,unit,8863.477,9958.276875485148,8863.480000000001,1094.799875485147,1094.7968754851463,2016
2836,3,Out,Collected,0.0,M2017000541-0,210-00,Single Family Detached,SINGLE FAMILY RESIDENTIAL,Single-family,unit,8863.477,9958.276875485148,8863.480000000001,1094.799875485147,1094.7968754851463,2016
2837,3,Out,Collected,0.0,M2017000685-0,231-00,Duplex,MULTI-FAMILY LESS THAN 10,Multifamily,unit,38904.18,36288.63607168318,54264.979999999996,-2615.5439283168234,-17976.34392831682,2016
2838,3,Out,Collected,0.0,M2017000686-0,231-00,Duplex,MULTI-FAMILY LESS THAN 10,Multifamily,unit,46685.016,43546.36328601981,65117.98,-3138.652713980191,-21571.61671398019,2016
2839,3,Out,Collected,0.0,M2017000688-0,231-00,Duplex,MULTI-FAMILY LESS THAN 10,Multifamily,unit,42794.598,39917.4996788515,59691.479999999996,-2877.0983211485,-19773.980321148498,2016
2840,3,Out,Collected,0.0,M2017000886-0,210-00,Single Family Detached,SINGLE FAMILY RESIDENTIAL,Single-family,unit,8863.477,9958.276875485148,8863.480000000001,1094.799875485147,1094.7968754851463,2016
2841,3,Out,Collected,0.0,M2017000887-0,210-00,Single Family Detached,SINGLE FAMILY RESIDENTIAL,Single-family,unit,8863.477,9958.276875485148,8863.480000000001,1094.799875485147,1094.7968754851463,2016
2842,3,Out,Collected,0.0,M2017000889-0,210-00,Single Family Detached,SINGLE FAMILY RESIDENTIAL,Single-family,unit,8863.477,9958.276875485148,8863.480000000001,1094.799875485147,1094.7968754851463,2016
2843,3,Out,Collected,0.0,M2017000890-0,210-00,Single Family Detached,SINGLE FAMILY RESIDENTIAL,Single-family,unit,8863.477,9958.276875485148,8863.480000000001,1094.799875485147,1094.7968754851463,2016
2844,3,Out,Collected,0.0,M2017000906-0,210-00,Single Family Detached,SINGLE FAMILY RESIDENTIAL,Single-family,unit,0.0,0.0,0.0,0.0,0.0,2016
2845,3,Out,Collected,0.0,M2017000979-0,210-00,Single Family Detached,SINGLE FAMILY RESIDENTIAL,Single-family,unit,8380.498000000001,9958.276875485148,8380.5,1577.7788754851463,1577.7768754851477,2016
2846,3,Out,Collected,0.0,M2017001147-0,210-00,Single Family Detached,SINGLE FAMILY RESIDENTIAL,Single-family,unit,0.0,0.0,0.0,0.0,0.0,2016
2847,3,Out,Collected,0.0,M2017001149-0,210-00,Single Family Detached,SINGLE FAMILY RESIDENTIAL,Single-family,unit,8863.477,9958.276875485148,8863.480000000001,1094.799875485147,1094.7968754851463,2016
2848,3,Out,Collected,0.0,M2017001150-0,210-00,Single Family Detached,SINGLE FAMILY RESIDENTIAL,Single-family,unit,8863.477,9958.276875485148,8863.480000000001,1094.799875485147,1094.7968754851463,2016
2849,3,Out,Collected,0.0,M2017001161-0,210-00,Single Family Detached,SINGLE FAMILY RESIDENTIAL,Single-family,unit,8863.477,9958.276875485148,8863.480000000001,1094.799875485147,1094.7968754851463,2016
2850,3,Out,Collected,0.0,M2017001162-0,150-00,Warehousing,"WAREHOUSING, DISTRIBUTION TERMINALS",Industrial/Manufacturing,sq. ft.,15645.243613999999,6182.3926413872,15645.1,-9462.8509726128,-9462.7073586128,2016
2851,3,Out,Collected,0.0,M2017001324-0,710-00,"General Office Building [1-50,000]","OFFICE, ONE STORY",Office,sq. ft.,349875.48204000003,395023.79989844107,349874.41000000003,45148.317858441034,45149.38989844103,2016
2852,3,Out,Collected,0.0,M2017001328-0,150-00,Warehousing,"WAREHOUSING, DISTRIBUTION TERMINALS",Industrial/Manufacturing,sq. ft.,36111.548158000005,15095.173716912435,36111.56,-21016.37444108757,-21016.386283087562,2016
2853,3,Out,Collected,0.0,M2017001408-0,210-00,Single Family Detached,SINGLE FAMILY RESIDENTIAL,Single-family,unit,8863.477,9958.276875485148,8863.480000000001,1094.799875485147,1094.7968754851463,2016
2854,3,Out,Collected,0.0,M2017001777-0,210-00,Single Family Detached,SINGLE FAMILY RESIDENTIAL,Single-family,unit,0.0,0.0,0.0,0.0,0.0,2016
2855,3,Out,Collected,0.0,M2017001788-0,820-01,"Shopping Center/General Retail [10,001 -50,000]","STORES, ONE STORY",Commercial/Retail,sq. ft.,203366.36350800004,150885.0115789214,203365.72,-52481.351929078635,-52480.7084210786,2016
2856,3,Out,Collected,0.0,M2017001926-0,231-00,Duplex,MULTI-FAMILY LESS THAN 10,Multifamily,unit,58356.270000000004,54432.95410752477,81397.47,-3923.315892475235,-26964.515892475232,2016
2857,3,Out,Collected,0.0,M2017001928-0,210-00,Single Family Detached,SINGLE FAMILY RESIDENTIAL,Single-family,unit,-5363.518720000001,-6373.297200310495,-5513.605491419645,-1009.7784803104942,-859.6917088908504,2016
2858,3,Out,Collected,0.0,M2017001928-0,253-00,Congregate Care Facility,"SANITARIUM, CONVALESCENT & REST HOME",Other,unit,5401.389000000001,6392.7074010000015,5552.535491419644,991.3184010000004,840.1719095803574,2016
2859,3,Out,Collected,0.0,M2017001930-0,231-00,Duplex,MULTI-FAMILY LESS THAN 10,Multifamily,unit,70027.524,65319.54492902972,97676.95999999999,-4707.979070970287,-32357.415070970274,2016
2860,3,Out,Collected,0.0,M2017002159-0,210-00,Single Family Detached,SINGLE FAMILY RESIDENTIAL,Single-family,unit,8863.477,9958.276875485148,8863.480000000001,1094.799875485147,1094.7968754851463,2016
2861,3,Out,Collected,0.0,M2017002161-0,210-00,Single Family Detached,SINGLE FAMILY RESIDENTIAL,Single-family,unit,8863.477,9958.276875485148,8863.480000000001,1094.799875485147,1094.7968754851463,2016
2862,3,Out,Collected,0.0,M2017002323-0,210-00,Single Family Detached,SINGLE FAMILY RESIDENTIAL,Single-family,unit,8863.477,9958.276875485148,8863.480000000001,1094.799875485147,1094.7968754851463,2016
2863,3,Out,Collected,0.0,M2017002326-0,210-00,Single Family Detached,SINGLE FAMILY RESIDENTIAL,Single-family,unit,8863.477,9958.276875485148,8863.480000000001,1094.799875485147,1094.7968754851463,2016
2864,3,Out,Collected,0.0,M2017002328-0,210-00,Single Family Detached,SINGLE FAMILY RESIDENTIAL,Single-family,unit,8863.477,9958.276875485148,8863.480000000001,1094.799875485147,1094.7968754851463,2016
2865,3,Out,Collected,0.0,M2017002353-0,210-00,Single Family Detached,SINGLE FAMILY RESIDENTIAL,Single-family,unit,0.0,0.0,0.0,0.0,0.0,2016
2866,3,Out,Collected,0.0,M2017002392-0,210-00,Single Family Detached,SINGLE FAMILY RESIDENTIAL,Single-family,unit,0.0,0.0,0.0,0.0,0.0,2016
2867,3,Out,Collected,0.0,M2017002404-0,231-00,Duplex,MULTI-FAMILY LESS THAN 10,Multifamily,unit,38904.18,36288.63607168318,54264.979999999996,-2615.5439283168234,-17976.34392831682,2016
2868,3,Out,Collected,0.0,M2017002405-0,231-00,Duplex,MULTI-FAMILY LESS THAN 10,Multifamily,unit,42794.598,39917.4996788515,59691.479999999996,-2877.0983211485,-19773.980321148498,2016
2869,3,Out,Collected,0.0,M2017002486-0,210-00,Single Family Detached,SINGLE FAMILY RESIDENTIAL,Single-family,unit,8863.477,9958.276875485148,8863.480000000001,1094.799875485147,1094.7968754851463,2016
2870,3,Out,Collected,0.0,M2017002488-0,210-00,Single Family Detached,SINGLE FAMILY RESIDENTIAL,Single-family,unit,8863.477,9958.276875485148,8863.480000000001,1094.799875485147,1094.7968754851463,2016
2871,3,Out,Collected,0.0,M2017002489-0,210-00,Single Family Detached,SINGLE FAMILY RESIDENTIAL,Single-family,unit,8863.477,9958.276875485148,8863.480000000001,1094.799875485147,1094.7968754851463,2016
2872,3,Out,Collected,0.0,M2017002491-0,210-00,Single Family Detached,SINGLE FAMILY RESIDENTIAL,Single-family,unit,8863.477,9958.276875485148,8863.480000000001,1094.799875485147,1094.7968754851463,2016
2873,3,Out,Collected,0.0,M2017002493-0,210-00,Single Family Detached,SINGLE FAMILY RESIDENTIAL,Single-family,unit,8863.477,9958.276875485148,8863.480000000001,1094.799875485147,1094.7968754851463,2016
2874,3,Out,Collected,0.0,M2017002494-0,210-00,Single Family Detached,SINGLE FAMILY RESIDENTIAL,Single-family,unit,8863.477,9958.276875485148,8863.480000000001,1094.799875485147,1094.7968754851463,2016
2875,3,Out,Collected,0.0,M2017002787-0,210-00,Single Family Detached,SINGLE FAMILY RESIDENTIAL,Single-family,unit,8863.477,9958.276875485148,8863.480000000001,1094.799875485147,1094.7968754851463,2016
2876,3,Out,Collected,0.0,M2017002898-0,210-00,Single Family Detached,SINGLE FAMILY RESIDENTIAL,Single-family,unit,0.0,0.0,0.0,0.0,0.0,2016
2877,3,Out,Collected,0.0,M2017002960-0,210-00,Single Family Detached,SINGLE FAMILY RESIDENTIAL,Single-family,unit,8863.477,9958.276875485148,8863.480000000001,1094.799875485147,1094.7968754851463,2016
2878,3,Out,Collected,0.0,M2017003014-0,210-00,Single Family Detached,SINGLE FAMILY RESIDENTIAL,Single-family,unit,8863.477,9958.276875485148,8863.480000000001,1094.799875485147,1094.7968754851463,2016
2879,3,Out,Collected,0.0,M2017003015-0,210-00,Single Family Detached,SINGLE FAMILY RESIDENTIAL,Single-family,unit,8863.477,9958.276875485148,8863.480000000001,1094.799875485147,1094.7968754851463,2016
2880,3,Out,Collected,0.0,M2017003017-0,210-00,Single Family Detached,SINGLE FAMILY RESIDENTIAL,Single-family,unit,8863.477,9958.276875485148,8863.480000000001,1094.799875485147,1094.7968754851463,2016
2881,3,Out,Collected,0.0,M2017003065-0,210-00,Single Family Detached,SINGLE FAMILY RESIDENTIAL,Single-family,unit,8863.477,9958.276875485148,0.0,1094.799875485147,9958.276875485148,2016
2882,3,Out,Collected,0.0,M2017003066-0,150-00,Warehousing,"WAREHOUSING, DISTRIBUTION TERMINALS",Industrial/Manufacturing,sq. ft.,208165.21922000003,87016.21243698824,94077.34999999999,-121149.00678301179,-7061.1375630117545,2016
2883,3,Out,Collected,0.0,M2017003083-0,210-00,Single Family Detached,SINGLE FAMILY RESIDENTIAL,Single-family,unit,8863.477,9958.276875485148,8863.480000000001,1094.799875485147,1094.7968754851463,2016
2884,3,Out,Collected,0.0,M2017003085-0,210-00,Single Family Detached,SINGLE FAMILY RESIDENTIAL,Single-family,unit,8863.477,9958.276875485148,8863.480000000001,1094.799875485147,1094.7968754851463,2016
2885,3,Out,Collected,0.0,M2017003086-0,210-00,Single Family Detached,SINGLE FAMILY RESIDENTIAL,Single-family,unit,8863.477,9958.276875485148,8863.480000000001,1094.799875485147,1094.7968754851463,2016
2886,3,Out,Collected,0.0,M2017003088-0,210-00,Single Family Detached,SINGLE FAMILY RESIDENTIAL,Single-family,unit,8863.477,9958.276875485148,8863.480000000001,1094.799875485147,1094.7968754851463,2016
2887,3,Out,Collected,0.0,M2017003200-0,210-00,Single Family Detached,SINGLE FAMILY RESIDENTIAL,Single-family,unit,8863.477,9958.276875485148,8863.480000000001,1094.799875485147,1094.7968754851463,2016
2888,3,Out,Collected,0.0,M2017003402-0,210-00,Single Family Detached,SINGLE FAMILY RESIDENTIAL,Single-family,unit,8863.477,9958.276875485148,8863.480000000001,1094.799875485147,1094.7968754851463,2016
2889,3,Out,Collected,0.0,M2017003419-0,210-00,Single Family Detached,SINGLE FAMILY RESIDENTIAL,Single-family,unit,0.0,0.0,0.0,0.0,0.0,2016
2890,3,Out,Collected,0.0,M2017003425-0,231-00,Duplex,MULTI-FAMILY LESS THAN 10,Multifamily,unit,11671.254,10886.590821504953,16279.49,-784.6631784950478,-5392.899178495047,2016
2891,3,Out,Collected,0.0,M2017003428-0,231-00,Duplex,MULTI-FAMILY LESS THAN 10,Multifamily,unit,11671.254,10886.590821504953,16279.49,-784.6631784950478,-5392.899178495047,2016
2892,3,Out,Collected,0.0,M2017003512-0,210-00,Single Family Detached,SINGLE FAMILY RESIDENTIAL,Single-family,unit,8863.477,9958.276875485148,8863.480000000001,1094.799875485147,1094.7968754851463,2016
2893,3,Out,Collected,0.0,M2017003518-0,210-00,Single Family Detached,SINGLE FAMILY RESIDENTIAL,Single-family,unit,8863.477,9958.276875485148,8863.480000000001,1094.799875485147,1094.7968754851463,2016
2894,3,Out,Collected,0.0,M2017003766-0,210-00,Single Family Detached,SINGLE FAMILY RESIDENTIAL,Single-family,unit,0.0,0.0,0.0,0.0,0.0,2016
2895,3,Out,Collected,0.0,M2017003775-0,210-00,Single Family Detached,SINGLE FAMILY RESIDENTIAL,Single-family,unit,8863.477,9958.276875485148,8863.480000000001,1094.799875485147,1094.7968754851463,2016
2896,3,Out,Collected,0.0,N2012148655-0,150-00,Warehousing,"WAREHOUSING, DISTRIBUTION TERMINALS",Industrial/Manufacturing,sq. ft.,123677.98928800001,51699.27152090822,53045.9,-71978.71776709179,-1346.628479091778,2016
2897,3,Out,Collected,0.0,N2012148983-0,150-00,Warehousing,"WAREHOUSING, DISTRIBUTION TERMINALS",Industrial/Manufacturing,sq. ft.,97036.88241800001,40562.88560762834,41619.44,-56473.99681037167,-1056.5543923716614,2016
2898,3,Out,Collected,0.0,N2012159851-0,150-00,Warehousing,"WAREHOUSING, DISTRIBUTION TERMINALS",Industrial/Manufacturing,sq. ft.,95249.09503200001,39815.56342020791,40852.91519968769,-55433.5316117921,-1037.3517794797808,2016
2899,3,Out,Collected,0.0,N2012159851-0,710-00,"General Office Building [1-50,000]","OFFICE, ONE STORY",Office,sq. ft.,291986.24830200005,329664.4756295304,125234.67480031229,37678.22732753033,204429.8008292181,2016
2900,3,Out,Collected,0.0,N2017033850-0,150-00,Warehousing,"WAREHOUSING, DISTRIBUTION TERMINALS",Industrial/Manufacturing,sq. ft.,10168354.828632,4250526.227283922,10168359.46,-5917828.601348079,-5917833.232716079,2016
2901,3,Out,Letter of Credit submitted,0.0,C2014093722-1,220-00,Apartment (Rentals),MULTI-FAMILY 10 OR MORE,Multifamily,unit,224066.80800000002,277987.83074447524,133218.87,53921.02274447522,144768.96074447525,2016
2902,4,In,Assessed,0.0,C2013098105-0,230-00,"Condominium,Townhouse",CONDOMINIUM,Single-family,unit,10852.996000000001,11856.628448887559,6247.27,1003.632448887558,5609.358448887559,2016
2903,4,In,Assessed,0.0,C2013098118-0,230-00,"Condominium,Townhouse",CONDOMINIUM,Single-family,unit,10852.996000000001,11856.628448887559,6247.27,1003.632448887558,5609.358448887559,2016
2904,4,In,Assessed,0.0,C2013129525-0,230-00,"Condominium,Townhouse",CONDOMINIUM,Single-family,unit,10852.996000000001,11856.628448887559,6247.27,1003.632448887558,5609.358448887559,2016
2905,4,In,Assessed,0.0,C2013142614-0,230-00,"Condominium,Townhouse",CONDOMINIUM,Single-family,unit,10852.996000000001,11856.628448887559,6247.27,1003.632448887558,5609.358448887559,2016
2906,4,In,Assessed,0.0,C2016057734-0,560-00,Church/Synagogue,"CHURCHES, TEMPLES",Other,sq. ft.,51648.681280000004,28941.9378304947,50005.53,-22706.743449505306,-21063.5921695053,2016
2907,4,In,Assessed,0.0,C2016074890-0,820-00,"Shopping Center/General Retail [1-10,000]","STORES, ONE STORY",Commercial/Retail,sq. ft.,-9794.845137,-9879.861371701338,-9483.173077801064,-85.01623470133745,-396.6882939002735,2016
2908,4,In,Assessed,0.0,C2016074890-0,932-01,High turnover Rest/Seats,"RESTAURANTS, CAFETERIAS",Commercial/Retail,seats,26453.07,8834.705332284404,25611.333077801064,-17618.364667715596,-16776.62774551666,2016
2909,4,In,Assessed,0.0,C2016128007-0,520-00,Elementary School (30 SF/St),PUBLIC COUNTY SCHOOLS,Other,student,10339.0,108464.82391716726,195102.79999109058,98125.82391716726,-86637.97607392332,2016
2910,4,In,Assessed,0.0,C2016128007-0,530-00,High School (25 SF/St),PUBLIC COUNTY SCHOOLS,Other,student,13517.504,27044.46998463761,255082.97507406588,13526.965984637609,-228038.50508942828,2016
2911,4,In,Assessed,0.0,C2016128007-0,820-00,"Shopping Center/General Retail [1-10,000]","STORES, ONE STORY",Commercial/Retail,sq. ft.,-23326.048312000003,-23528.51121674329,-440175.7750651564,-202.46290474328634,416647.26384841313,2016
2912,4,In,Assessed,0.0,C2016174889-0,151-00,Mini-Warehouse,"WAREHOUSING, DISTRIBUTION TERMINALS",Industrial/Manufacturing,sq. ft.,186760.914809,128814.20426472508,180820.44,-57946.71054427493,-52006.235735274924,2016
2913,4,In,Assessed,0.0,C2016175399-0,150-00,Warehousing,"WAREHOUSING, DISTRIBUTION TERMINALS",Industrial/Manufacturing,sq. ft.,5078.779706,1948.984990761027,4917.1900000000005,-3129.7947152389734,-2968.2050092389736,2016
2914,4,In,Assessed,0.0,C2017016342-0,710-00,"General Office Building [1-50,000]","OFFICE, ONE STORY",Office,sq. ft.,9445.137324000001,9792.571491230006,9445.130000000001,347.4341672300052,347.44149123000534,2016
2915,4,In,Assessed,0.0,C2017024653-0,230-00,"Condominium,Townhouse",CONDOMINIUM,Single-family,unit,10852.996000000001,11856.628448887559,10853.0,1003.632448887558,1003.628448887559,2016
2916,4,In,Assessed,0.0,M2015002219-0,710-00,"General Office Building [1-50,000]","OFFICE, ONE STORY",Office,sq. ft.,39715.7915,41176.71498605889,29062.28,1460.9234860588913,12114.434986058892,2016
2917,4,In,Assessed,0.0,M2015004525-0,720-00,Medical Office Building,PROFESSIONAL BUILDING,Office,sq. ft.,35018.193,14402.877846660122,25624.847625243987,-20615.315153339878,-11221.969778583865,2016
2918,4,In,Assessed,0.0,M2015004525-0,820-00,"Shopping Center/General Retail [1-10,000]","STORES, ONE STORY",Commercial/Retail,sq. ft.,-18332.597850000002,-18491.71914489555,-13415.027625243985,-159.12129489554718,-5076.691519651564,2016
2919,4,In,Assessed,0.0,M2016017915-0,230-00,"Condominium,Townhouse",CONDOMINIUM,Single-family,unit,0.0,0.0,0.0,0.0,0.0,2016
2920,4,In,Assessed,0.0,M2016017917-0,230-00,"Condominium,Townhouse",CONDOMINIUM,Single-family,unit,10852.996000000001,11856.628448887559,10507.640000000001,1003.632448887558,1348.9884488875578,2016
2921,4,In,Assessed,0.0,M2016017918-0,230-00,"Condominium,Townhouse",CONDOMINIUM,Single-family,unit,10852.996000000001,11856.628448887559,10507.640000000001,1003.632448887558,1348.9884488875578,2016
2922,4,In,Assessed,0.0,M2016017919-0,230-00,"Condominium,Townhouse",CONDOMINIUM,Single-family,unit,5426.4980000000005,5928.3142244437795,5253.820000000001,501.816224443779,674.4942244437789,2016
2923,4,In,Assessed,0.0,M2017002094-0,210-00,Single Family Detached,SINGLE FAMILY RESIDENTIAL,Single-family,unit,0.0,0.0,0.0,0.0,0.0,2016
2924,4,In,Collected,0.0,C2014068894-0,820-00,"Shopping Center/General Retail [1-10,000]","STORES, ONE STORY",Commercial/Retail,sq. ft.,85848.93678900001,86594.07908138231,51041.409999999996,745.1422923822975,35552.669081382315,2016
2925,4,In,Collected,0.0,C2015132170-0,220-00,Apartment (Rentals),MULTI-FAMILY 10 OR MORE,Multifamily,unit,149377.872,177728.02780721555,122971.26037282021,28350.155807215546,54756.76743439534,2016
2926,4,In,Collected,0.0,C2015132170-0,240-00,Mobile Home,MOBILE HOME,Single-family,unit,-46215.33,-50582.885874093685,-38045.5103728202,-4367.555874093683,-12537.375501273484,2016
2927,4,In,Collected,0.0,C2015132172-0,220-00,Apartment (Rentals),MULTI-FAMILY 10 OR MORE,Multifamily,unit,149377.872,177728.02780721555,122971.26037282021,28350.155807215546,54756.76743439534,2016
2928,4,In,Collected,0.0,C2015132172-0,240-00,Mobile Home,MOBILE HOME,Single-family,unit,-46215.33,-50582.885874093685,-38045.5103728202,-4367.555874093683,-12537.375501273484,2016
2929,4,In,Collected,0.0,C2015132176-0,220-00,Apartment (Rentals),MULTI-FAMILY 10 OR MORE,Multifamily,unit,149377.872,177728.02780721555,122971.26037282021,28350.155807215546,54756.76743439534,2016
2930,4,In,Collected,0.0,C2015132176-0,240-00,Mobile Home,MOBILE HOME,Single-family,unit,-46215.33,-50582.885874093685,-38045.5103728202,-4367.555874093683,-12537.375501273484,2016
2931,4,In,Collected,0.0,C2015132179-0,220-00,Apartment (Rentals),MULTI-FAMILY 10 OR MORE,Multifamily,unit,149377.872,177728.02780721555,122971.26037282021,28350.155807215546,54756.76743439534,2016
2932,4,In,Collected,0.0,C2015132179-0,240-00,Mobile Home,MOBILE HOME,Single-family,unit,-46215.33,-50582.885874093685,-38045.5103728202,-4367.555874093683,-12537.375501273484,2016
2933,4,In,Collected,0.0,C2015132184-0,220-00,Apartment (Rentals),MULTI-FAMILY 10 OR MORE,Multifamily,unit,149377.872,177728.02780721555,122971.26037282021,28350.155807215546,54756.76743439534,2016
2934,4,In,Collected,0.0,C2015132184-0,240-00,Mobile Home,MOBILE HOME,Single-family,unit,-46215.33,-50582.885874093685,-38045.5103728202,-4367.555874093683,-12537.375501273484,2016
2935,4,In,Collected,0.0,C2015132188-0,220-00,Apartment (Rentals),MULTI-FAMILY 10 OR MORE,Multifamily,unit,149377.872,177728.02780721555,122971.26037282021,28350.155807215546,54756.76743439534,2016
2936,4,In,Collected,0.0,C2015132188-0,240-00,Mobile Home,MOBILE HOME,Single-family,unit,-46215.33,-50582.885874093685,-38045.5103728202,-4367.555874093683,-12537.375501273484,2016
2937,4,In,Collected,0.0,C2015132192-0,220-00,Apartment (Rentals),MULTI-FAMILY 10 OR MORE,Multifamily,unit,149377.872,177728.02780721555,122971.26037282021,28350.155807215546,54756.76743439534,2016
2938,4,In,Collected,0.0,C2015132192-0,240-00,Mobile Home,MOBILE HOME,Single-family,unit,-46215.33,-50582.885874093685,-38045.5103728202,-4367.555874093683,-12537.375501273484,2016
2939,4,In,Collected,0.0,C2015132197-0,220-00,Apartment (Rentals),MULTI-FAMILY 10 OR MORE,Multifamily,unit,149377.872,177728.02780721555,122971.26037282021,28350.155807215546,54756.76743439534,2016
2940,4,In,Collected,0.0,C2015132197-0,240-00,Mobile Home,MOBILE HOME,Single-family,unit,-46215.33,-50582.885874093685,-38045.5103728202,-4367.555874093683,-12537.375501273484,2016
2941,4,In,Collected,0.0,C2015141312-0,220-00,Apartment (Rentals),MULTI-FAMILY 10 OR MORE,Multifamily,unit,-186722.34000000003,-222160.03475901944,-7012.111992409869,-35437.69475901942,-215147.92276660958,2016
2942,4,In,Collected,0.0,C2015141312-0,222-00,High-Rise Apart or Condo over 3 floors,MULTI-FAMILY 10 OR MORE,Multifamily,unit,233425.08000000002,270112.6105676602,8765.97199240987,36687.53056766017,261346.6385752503,2016
2943,4,In,Collected,0.0,C2015141312-0,820-00,"Shopping Center/General Retail [1-10,000]","STORES, ONE STORY",Commercial/Retail,sq. ft.,0.0,0.0,0.0,0.0,0.0,2016
2944,4,In,Collected,0.0,C2015141312-1,820-00,"Shopping Center/General Retail [1-10,000]","STORES, ONE STORY",Commercial/Retail,sq. ft.,19711.907593,19883.00087103531,16227.34,171.0932780353105,3655.6608710353103,2016
2945,4,In,Collected,0.0,C2015142149-0,820-01,"Shopping Center/General Retail [10,001 -50,000]","STORES, ONE STORY",Commercial/Retail,sq. ft.,184540.49344500003,132963.83133833206,151917.3,-51576.662106667965,-18953.468661667925,2016
2946,4,In,Collected,0.0,C2015162125-0,150-00,Warehousing,"WAREHOUSING, DISTRIBUTION TERMINALS",Industrial/Manufacturing,sq. ft.,15645.243613999999,6003.872336589549,12879.45,-9641.37127741045,-6875.577663410451,2016
2947,4,In,Collected,0.0,C2015175351-0,220-00,Apartment (Rentals),MULTI-FAMILY 10 OR MORE,Multifamily,unit,155601.95,185133.36229918286,2511.6699999999996,29531.412299182848,182621.69229918285,2016
2948,4,In,Collected,0.0,C2015175353-0,220-00,Apartment (Rentals),MULTI-FAMILY 10 OR MORE,Multifamily,unit,168050.106,199944.03128311748,2712.6,31893.92528311748,197231.43128311748,2016
2949,4,In,Collected,0.0,C2015175359-0,220-00,Apartment (Rentals),MULTI-FAMILY 10 OR MORE,Multifamily,unit,136929.71600000001,162917.35882328093,2210.27,25987.642823280912,160707.08882328094,2016
2950,4,In,Collected,0.0,C2015179110-0,210-00,Single Family Detached,SINGLE FAMILY RESIDENTIAL,Single-family,unit,8863.477,9550.048853028884,7296.62,686.5718530288832,2253.428853028884,2016
2951,4,In,Collected,0.0,C2015182916-0,230-00,"Condominium,Townhouse",CONDOMINIUM,Single-family,unit,10852.996000000001,11856.628448887559,8934.43,1003.632448887558,2922.1984488875587,2016
2952,4,In,Collected,0.0,C2016049698-0,210-00,Single Family Detached,SINGLE FAMILY RESIDENTIAL,Single-family,unit,8863.477,9550.048853028884,8581.43,686.5718530288832,968.6188530288837,2016
2953,4,In,Collected,0.0,C2016049994-0,210-00,Single Family Detached,SINGLE FAMILY RESIDENTIAL,Single-family,unit,8863.477,9550.048853028884,8581.43,686.5718530288832,968.6188530288837,2016
2954,4,In,Collected,0.0,C2016050006-0,210-00,Single Family Detached,SINGLE FAMILY RESIDENTIAL,Single-family,unit,8863.477,9550.048853028884,8581.43,686.5718530288832,968.6188530288837,2016
2955,4,In,Collected,0.0,C2016051403-0,210-00,Single Family Detached,SINGLE FAMILY RESIDENTIAL,Single-family,unit,8863.477,9550.048853028884,8581.43,686.5718530288832,968.6188530288837,2016
2956,4,In,Collected,0.0,C2016053584-0,210-00,Single Family Detached,SINGLE FAMILY RESIDENTIAL,Single-family,unit,8863.477,9550.048853028884,8581.43,686.5718530288832,968.6188530288837,2016
2957,4,In,Collected,0.0,C2016053607-0,210-00,Single Family Detached,SINGLE FAMILY RESIDENTIAL,Single-family,unit,8863.477,9550.048853028884,8581.43,686.5718530288832,968.6188530288837,2016
2958,4,In,Collected,0.0,C2016053656-0,210-00,Single Family Detached,SINGLE FAMILY RESIDENTIAL,Single-family,unit,8863.477,9550.048853028884,8581.43,686.5718530288832,968.6188530288837,2016
2959,4,In,Collected,0.0,C2016053677-0,210-00,Single Family Detached,SINGLE FAMILY RESIDENTIAL,Single-family,unit,8863.477,9550.048853028884,8581.43,686.5718530288832,968.6188530288837,2016
2960,4,In,Collected,0.0,C2016053690-0,210-00,Single Family Detached,SINGLE FAMILY RESIDENTIAL,Single-family,unit,8863.477,9550.048853028884,8581.43,686.5718530288832,968.6188530288837,2016
2961,4,In,Collected,0.0,C2016058842-0,220-00,Apartment (Rentals),MULTI-FAMILY 10 OR MORE,Multifamily,unit,149377.872,177728.02780721555,144624.4731116255,28350.155807215546,33103.55469559005,2016
2962,4,In,Collected,0.0,C2016058842-0,240-00,Mobile Home,MOBILE HOME,Single-family,unit,-43118.902890000005,-47193.8325205294,-41746.80311162551,-4074.9296305293974,-5447.029408903894,2016
2963,4,In,Collected,0.0,C2016064288-0,820-01,"Shopping Center/General Retail [10,001 -50,000]","STORES, ONE STORY",Commercial/Retail,sq. ft.,49993.57871200001,36021.02521657748,48402.76,-13972.55349542253,-12381.734783422522,2016
2964,4,In,Collected,0.0,C2016074848-0,210-00,Single Family Detached,SINGLE FAMILY RESIDENTIAL,Single-family,unit,8863.477,9550.048853028884,8581.426234507084,686.5718530288832,968.6226185218002,2016
2965,4,In,Collected,0.0,C2016074848-0,560-00,Church/Synagogue,"CHURCHES, TEMPLES",Other,sq. ft.,-813.2450620000001,-455.7113065048387,-787.3662345070833,357.53375549516136,331.65492800224456,2016
2966,4,In,Collected,0.0,C2016080892-0,230-00,"Condominium,Townhouse",CONDOMINIUM,Single-family,unit,10852.996000000001,11856.628448887559,10507.640000000001,1003.632448887558,1348.9884488875578,2016
2967,4,In,Collected,0.0,C2016082428-0,210-00,Single Family Detached,SINGLE FAMILY RESIDENTIAL,Single-family,unit,5938.52959,6398.5327315293525,5749.5599999999995,460.00314152935243,648.972731529353,2016
2968,4,In,Collected,0.0,C2016112643-0,210-00,Single Family Detached,SINGLE FAMILY RESIDENTIAL,Single-family,unit,8863.477,9550.048853028884,8581.43,686.5718530288832,968.6188530288837,2016
2969,4,In,Collected,0.0,C2016112684-0,210-00,Single Family Detached,SINGLE FAMILY RESIDENTIAL,Single-family,unit,8863.477,9550.048853028884,8581.43,686.5718530288832,968.6188530288837,2016
2970,4,In,Collected,0.0,C2016112714-0,210-00,Single Family Detached,SINGLE FAMILY RESIDENTIAL,Single-family,unit,8863.477,9550.048853028884,8581.43,686.5718530288832,968.6188530288837,2016
2971,4,In,Collected,0.0,C2016123773-0,210-00,Single Family Detached,SINGLE FAMILY RESIDENTIAL,Single-family,unit,-17726.954,-19100.097706057768,-338.2741229355294,-1373.1437060577664,-18761.823583122237,2016
2972,4,In,Collected,0.0,C2016123773-0,222-00,High-Rise Apart or Condo over 3 floors,MULTI-FAMILY 10 OR MORE,Multifamily,unit,342356.784,396165.1621659016,6533.0141229355295,53808.37816590164,389632.1480429661,2016
2973,4,In,Collected,0.0,C2016123773-0,710-00,"General Office Building [1-50,000]","OFFICE, ONE STORY",Office,sq. ft.,0.0,0.0,0.0,0.0,0.0,2016
2974,4,In,Collected,0.0,C2016123773-1,710-00,"General Office Building [1-50,000]","OFFICE, ONE STORY",Office,sq. ft.,30184.00154,31294.30338940476,29223.42,1110.3018494047574,2070.8833894047602,2016
2975,4,In,Collected,0.0,C2016124237-0,210-00,Single Family Detached,SINGLE FAMILY RESIDENTIAL,Single-family,unit,8863.477,9550.048853028884,8581.43,686.5718530288832,968.6188530288837,2016
2976,4,In,Collected,0.0,C2016134494-0,210-00,Single Family Detached,SINGLE FAMILY RESIDENTIAL,Single-family,unit,8863.477,9550.048853028884,8581.426234507084,686.5718530288832,968.6226185218002,2016
2977,4,In,Collected,0.0,C2016134494-0,560-00,Church/Synagogue,"CHURCHES, TEMPLES",Other,sq. ft.,-813.2450620000001,-455.7113065048387,-787.3662345070833,357.53375549516136,331.65492800224456,2016
2978,4,In,Collected,0.0,C2016161207-0,230-00,"Condominium,Townhouse",CONDOMINIUM,Single-family,unit,5426.4980000000005,5928.3142244437795,5253.820000000001,501.816224443779,674.4942244437789,2016
2979,4,In,Collected,0.0,C2016161208-0,230-00,"Condominium,Townhouse",CONDOMINIUM,Single-family,unit,5426.4980000000005,5928.3142244437795,5253.820000000001,501.816224443779,674.4942244437789,2016
2980,4,In,Collected,0.0,C2016161221-0,231-00,Duplex,MULTI-FAMILY LESS THAN 10,Multifamily,unit,3890.418,3480.1025481376446,5253.820000000001,-410.31545186235553,-1773.717451862356,2016
2981,4,In,Collected,0.0,C2016161222-0,231-00,Duplex,MULTI-FAMILY LESS THAN 10,Multifamily,unit,3890.418,3480.1025481376446,5253.820000000001,-410.31545186235553,-1773.717451862356,2016
2982,4,In,Collected,0.0,C2016169465-0,210-00,Single Family Detached,SINGLE FAMILY RESIDENTIAL,Single-family,unit,8863.477,9550.048853028884,8581.43,686.5718530288832,968.6188530288837,2016
2983,4,In,Collected,0.0,C2016170327-0,210-00,Single Family Detached,SINGLE FAMILY RESIDENTIAL,Single-family,unit,8863.477,9550.048853028884,8581.43,686.5718530288832,968.6188530288837,2016
2984,4,In,Collected,0.0,C2016172570-0,210-00,Single Family Detached,SINGLE FAMILY RESIDENTIAL,Single-family,unit,8863.477,9550.048853028884,8581.43,686.5718530288832,968.6188530288837,2016
2985,4,In,Collected,0.0,C2016172579-0,210-00,Single Family Detached,SINGLE FAMILY RESIDENTIAL,Single-family,unit,8863.477,9550.048853028884,8581.43,686.5718530288832,968.6188530288837,2016
2986,4,In,Collected,0.0,C2016172589-0,210-00,Single Family Detached,SINGLE FAMILY RESIDENTIAL,Single-family,unit,8863.477,9550.048853028884,8581.43,686.5718530288832,968.6188530288837,2016
2987,4,In,Collected,0.0,C2016172601-0,210-00,Single Family Detached,SINGLE FAMILY RESIDENTIAL,Single-family,unit,8863.477,9550.048853028884,8581.43,686.5718530288832,968.6188530288837,2016
2988,4,In,Collected,0.0,C2016172613-0,210-00,Single Family Detached,SINGLE FAMILY RESIDENTIAL,Single-family,unit,8863.477,9550.048853028884,8581.43,686.5718530288832,968.6188530288837,2016
2989,4,In,Collected,0.0,C2016172623-0,210-00,Single Family Detached,SINGLE FAMILY RESIDENTIAL,Single-family,unit,8863.477,9550.048853028884,8581.43,686.5718530288832,968.6188530288837,2016
2990,4,In,Collected,0.0,C2016172635-0,210-00,Single Family Detached,SINGLE FAMILY RESIDENTIAL,Single-family,unit,8863.477,9550.048853028884,8581.43,686.5718530288832,968.6188530288837,2016
2991,4,In,Collected,0.0,C2016172643-0,210-00,Single Family Detached,SINGLE FAMILY RESIDENTIAL,Single-family,unit,8863.477,9550.048853028884,8581.43,686.5718530288832,968.6188530288837,2016
2992,4,In,Collected,0.0,C2016172654-0,210-00,Single Family Detached,SINGLE FAMILY RESIDENTIAL,Single-family,unit,8863.477,9550.048853028884,8581.43,686.5718530288832,968.6188530288837,2016
2993,4,In,Collected,0.0,C2016176946-0,210-00,Single Family Detached,SINGLE FAMILY RESIDENTIAL,Single-family,unit,8863.477,9550.048853028884,8581.43,686.5718530288832,968.6188530288837,2016
2994,4,In,Collected,0.0,C2016183800-0,210-00,Single Family Detached,SINGLE FAMILY RESIDENTIAL,Single-family,unit,8863.477,9550.048853028884,8581.43,686.5718530288832,968.6188530288837,2016
2995,4,In,Collected,0.0,C2016183821-0,210-00,Single Family Detached,SINGLE FAMILY RESIDENTIAL,Single-family,unit,8863.477,9550.048853028884,8581.43,686.5718530288832,968.6188530288837,2016
2996,4,In,Collected,0.0,C2016185123-0,210-00,Single Family Detached,SINGLE FAMILY RESIDENTIAL,Single-family,unit,8863.477,9550.048853028884,8581.43,686.5718530288832,968.6188530288837,2016
2997,4,In,Collected,0.0,C2016187957-0,210-00,Single Family Detached,SINGLE FAMILY RESIDENTIAL,Single-family,unit,8863.477,9550.048853028884,8581.43,686.5718530288832,968.6188530288837,2016
2998,4,In,Collected,0.0,C2016187962-0,210-00,Single Family Detached,SINGLE FAMILY RESIDENTIAL,Single-family,unit,8863.477,9550.048853028884,8581.43,686.5718530288832,968.6188530288837,2016
2999,4,In,Collected,0.0,C2016192515-0,210-00,Single Family Detached,SINGLE FAMILY RESIDENTIAL,Single-family,unit,8863.477,9550.048853028884,8581.43,686.5718530288832,968.6188530288837,2016
3000,4,In,Collected,0.0,C2016192549-0,210-00,Single Family Detached,SINGLE FAMILY RESIDENTIAL,Single-family,unit,8863.477,9550.048853028884,8581.43,686.5718530288832,968.6188530288837,2016
3001,4,In,Collected,0.0,C2017004636-0,210-00,Single Family Detached,SINGLE FAMILY RESIDENTIAL,Single-family,unit,8863.477,9550.048853028884,8863.480000000001,686.5718530288832,686.5688530288826,2016
3002,4,In,Collected,0.0,C2017004651-0,210-00,Single Family Detached,SINGLE FAMILY RESIDENTIAL,Single-family,unit,8863.477,9550.048853028884,8863.480000000001,686.5718530288832,686.5688530288826,2016
3003,4,In,Collected,0.0,C2017014791-0,210-00,Single Family Detached,SINGLE FAMILY RESIDENTIAL,Single-family,unit,-8863.477,-9550.048853028884,-8863.472104829094,-686.5718530288832,-686.57674819979,2016
3004,4,In,Collected,0.0,C2017014791-0,853-00,Convenience market with Gasoline,SERVICE STATIONS,Commercial/Retail,sq. ft.,304417.07023,379349.42058450205,304416.9021048291,74932.35035450204,74932.51847967296,2016
3005,4,In,Collected,0.0,C2017019455-0,210-00,Single Family Detached,SINGLE FAMILY RESIDENTIAL,Single-family,unit,8863.477,9550.048853028884,8863.480000000001,686.5718530288832,686.5688530288826,2016
3006,4,In,Collected,0.0,C2017019559-0,210-00,Single Family Detached,SINGLE FAMILY RESIDENTIAL,Single-family,unit,8863.477,9550.048853028884,8863.480000000001,686.5718530288832,686.5688530288826,2016
3007,4,In,Collected,0.0,C2017019594-0,210-00,Single Family Detached,SINGLE FAMILY RESIDENTIAL,Single-family,unit,8863.477,9550.048853028884,8863.480000000001,686.5718530288832,686.5688530288826,2016
3008,4,In,Collected,0.0,C2017019603-0,210-00,Single Family Detached,SINGLE FAMILY RESIDENTIAL,Single-family,unit,8863.477,9550.048853028884,8863.480000000001,686.5718530288832,686.5688530288826,2016
3009,4,In,Collected,0.0,C2017019605-0,210-00,Single Family Detached,SINGLE FAMILY RESIDENTIAL,Single-family,unit,8863.477,9550.048853028884,8863.480000000001,686.5718530288832,686.5688530288826,2016
3010,4,In,Collected,0.0,C2017019642-0,210-00,Single Family Detached,SINGLE FAMILY RESIDENTIAL,Single-family,unit,8863.477,9550.048853028884,8863.480000000001,686.5718530288832,686.5688530288826,2016
3011,4,In,Collected,0.0,C2017023085-0,210-00,Single Family Detached,SINGLE FAMILY RESIDENTIAL,Single-family,unit,8863.477,9550.048853028884,8863.480000000001,686.5718530288832,686.5688530288826,2016
3012,4,In,Collected,0.0,C2017023104-0,210-00,Single Family Detached,SINGLE FAMILY RESIDENTIAL,Single-family,unit,8863.477,9550.048853028884,8863.480000000001,686.5718530288832,686.5688530288826,2016
3013,4,In,Collected,0.0,C2017030110-0,210-00,Single Family Detached,SINGLE FAMILY RESIDENTIAL,Single-family,unit,8863.477,9550.048853028884,8863.480000000001,686.5718530288832,686.5688530288826,2016
3014,4,In,Collected,0.0,C2017037942-0,220-00,Apartment (Rentals),MULTI-FAMILY 10 OR MORE,Multifamily,unit,224066.80800000002,266592.0417108233,224066.8136239782,42525.23371082329,42525.228086845105,2016
3015,4,In,Collected,0.0,C2017037942-0,240-00,Mobile Home,MOBILE HOME,Single-family,unit,-64701.46200000001,-70816.04022373115,-64701.463623978205,-6114.578223731143,-6114.576599752945,2016
3016,4,In,Collected,0.0,M2015016115-0,210-00,Single Family Detached,SINGLE FAMILY RESIDENTIAL,Single-family,unit,8863.477,9550.048853028884,7296.62,686.5718530288832,2253.428853028884,2016
3017,4,In,Collected,0.0,M2015016116-0,210-00,Single Family Detached,SINGLE FAMILY RESIDENTIAL,Single-family,unit,8863.477,9550.048853028884,7296.62,686.5718530288832,2253.428853028884,2016
3018,4,In,Collected,0.0,M2016004431-0,932-00,High Turnover Rest.,DRIVE-IN RESTAURANTS,Commercial/Retail,sq. ft.,0.0,0.0,0.0,0.0,0.0,2016
3019,4,In,Collected,0.0,M2016004786-0,820-00,"Shopping Center/General Retail [1-10,000]","STORES, ONE STORY",Commercial/Retail,sq. ft.,16254.903427000001,16395.99097514072,15737.663453069295,141.08754814072017,658.3275220714258,2016
3020,4,In,Collected,0.0,M2016004786-0,932-00,High Turnover Rest.,DRIVE-IN RESTAURANTS,Commercial/Retail,sq. ft.,337801.65101200005,88360.34469112555,327052.61654693075,-249441.3063208745,-238692.2718558052,2016
3021,4,In,Collected,0.0,M2016004888-0,820-00,"Shopping Center/General Retail [1-10,000]","STORES, ONE STORY",Commercial/Retail,sq. ft.,3718.8984210000003,3751.1773122502404,3600.5499999999997,32.27889125024012,150.62731225024072,2016
3022,4,In,Collected,0.0,M2016008712-0,210-00,Single Family Detached,SINGLE FAMILY RESIDENTIAL,Single-family,unit,4431.7385,4775.024426514442,4290.71,343.2859265144416,484.31442651444195,2016
3023,4,In,Collected,0.0,M2016011339-0,710-00,"General Office Building [1-50,000]","OFFICE, ONE STORY",Office,sq. ft.,25995.790800000002,26952.03162723855,25168.52124862147,956.2408272385474,1783.5103786170803,2016
3024,4,In,Collected,0.0,M2016011339-0,820-00,"Shopping Center/General Retail [1-10,000]","STORES, ONE STORY",Commercial/Retail,sq. ft.,90790.0084,91578.03766995893,87900.77875137853,788.029269958919,3677.2589185803954,2016
3025,4,In,Collected,0.0,M2016012271-0,932-00,High Turnover Rest.,DRIVE-IN RESTAURANTS,Commercial/Retail,sq. ft.,10789.614976,2822.2896350794413,10446.28,-7967.325340920559,-7623.990364920559,2016
3026,4,In,Collected,0.0,M2016012933-0,210-00,Single Family Detached,SINGLE FAMILY RESIDENTIAL,Single-family,unit,8863.477,9550.048853028884,8581.43,686.5718530288832,968.6188530288837,2016
3027,4,In,Collected,0.0,M2016012935-0,210-00,Single Family Detached,SINGLE FAMILY RESIDENTIAL,Single-family,unit,8863.477,9550.048853028884,8581.43,686.5718530288832,968.6188530288837,2016
3028,4,In,Collected,0.0,M2016014381-0,150-00,Warehousing,"WAREHOUSING, DISTRIBUTION TERMINALS",Industrial/Manufacturing,sq. ft.,-534.36383,-205.06246471868076,-517.3583400576367,329.30136528131925,312.29587533895597,2016
3029,4,In,Collected,0.0,M2016014381-0,820-00,"Shopping Center/General Retail [1-10,000]","STORES, ONE STORY",Commercial/Retail,sq. ft.,2007.8559550000002,2025.2835253933222,1943.9583400576366,17.427570393321957,81.32518533568555,2016
3030,4,In,Collected,0.0,M2016014664-0,710-00,"General Office Building [1-50,000]","OFFICE, ONE STORY",Office,sq. ft.,-9820.632080000001,-10181.878614734564,-9508.159745472347,-361.2465347345624,-673.7188692622167,2016
3031,4,In,Collected,0.0,M2016014664-0,820-00,"Shopping Center/General Retail [1-10,000]","STORES, ONE STORY",Commercial/Retail,sq. ft.,11872.539560000001,11975.589541456166,11494.779745472348,103.04998145616446,480.8097959838178,2016
3032,4,In,Collected,0.0,M2016015357-0,150-00,Warehousing,"WAREHOUSING, DISTRIBUTION TERMINALS",Industrial/Manufacturing,sq. ft.,-15724.236528,-6034.185918330571,-15224.200033003293,9690.050609669428,9190.014114672722,2016
3033,4,In,Collected,0.0,M2016015357-0,560-00,Church/Synagogue,"CHURCHES, TEMPLES",Other,sq. ft.,18753.126336,10508.531933304082,18156.770033003293,-8244.594402695919,-7648.238099699211,2016
3034,4,In,Collected,0.0,M2016016460-0,150-00,Warehousing,"WAREHOUSING, DISTRIBUTION TERMINALS",Industrial/Manufacturing,sq. ft.,25686.636975999998,9857.263521433628,24869.233254101582,-15829.37345456637,-15011.969732667954,2016
3035,4,In,Collected,0.0,M2016016460-0,820-00,"Shopping Center/General Retail [1-10,000]","STORES, ONE STORY",Commercial/Retail,sq. ft.,165377.49222400002,166812.91784804824,160114.8267458984,1435.425624048221,6698.091102149832,2016
3036,4,In,Collected,0.0,M2016016976-0,720-00,Medical Office Building,PROFESSIONAL BUILDING,Office,sq. ft.,36185.4661,14882.973774882126,35034.069411655364,-21302.49232511787,-20151.095636773236,2016
3037,4,In,Collected,0.0,M2016016976-0,820-00,"Shopping Center/General Retail [1-10,000]","STORES, ONE STORY",Commercial/Retail,sq. ft.,-18943.684445000003,-19108.109783058735,-18340.909411655364,-164.42533805873245,-767.2003714033708,2016
3038,4,In,Collected,0.0,M2016017982-0,932-01,High turnover Rest/Seats,"RESTAURANTS, CAFETERIAS",Commercial/Retail,seats,55845.37,18651.044590378184,54068.3,-37194.325409621815,-35417.25540962182,2016
3039,4,Out,Assessed,0.0,C2013048712-0,210-00,Single Family Detached,SINGLE FAMILY RESIDENTIAL,Single-family,unit,8863.477,10433.389475438586,3924.6499999999996,1569.9124754385848,6508.739475438586,2016
3040,4,Out,Assessed,0.0,C2013165899-0,210-00,Single Family Detached,SINGLE FAMILY RESIDENTIAL,Single-family,unit,8863.477,10433.389475438586,5102.05,1569.9124754385848,5331.339475438585,2016
3041,4,Out,Assessed,0.0,C2013176204-0,210-00,Single Family Detached,SINGLE FAMILY RESIDENTIAL,Single-family,unit,8863.477,10433.389475438586,5102.05,1569.9124754385848,5331.339475438585,2016
3042,4,Out,Assessed,0.0,C2015081798-0,210-00,Single Family Detached,SINGLE FAMILY RESIDENTIAL,Single-family,unit,8863.477,10433.389475438586,0.0,1569.9124754385848,10433.389475438586,2016
3043,4,Out,Assessed,0.0,C2015127594-0,210-00,Single Family Detached,SINGLE FAMILY RESIDENTIAL,Single-family,unit,8863.477,10433.389475438586,7296.62,1569.9124754385848,3136.7694754385857,2016
3044,4,Out,Assessed,0.0,C2015127596-0,210-00,Single Family Detached,SINGLE FAMILY RESIDENTIAL,Single-family,unit,8863.477,10433.389475438586,7296.62,1569.9124754385848,3136.7694754385857,2016
3045,4,Out,Assessed,0.0,C2015127599-0,210-00,Single Family Detached,SINGLE FAMILY RESIDENTIAL,Single-family,unit,8863.477,10433.389475438586,7296.62,1569.9124754385848,3136.7694754385857,2016
3046,4,Out,Assessed,0.0,C2015127600-0,210-00,Single Family Detached,SINGLE FAMILY RESIDENTIAL,Single-family,unit,8863.477,10433.389475438586,7296.62,1569.9124754385848,3136.7694754385857,2016
3047,4,Out,Assessed,0.0,C2015127602-0,210-00,Single Family Detached,SINGLE FAMILY RESIDENTIAL,Single-family,unit,8863.477,10433.389475438586,7296.62,1569.9124754385848,3136.7694754385857,2016
3048,4,Out,Assessed,0.0,C2015127603-0,210-00,Single Family Detached,SINGLE FAMILY RESIDENTIAL,Single-family,unit,8863.477,10433.389475438586,7296.62,1569.9124754385848,3136.7694754385857,2016
3049,4,Out,Assessed,0.0,C2015127605-0,210-00,Single Family Detached,SINGLE FAMILY RESIDENTIAL,Single-family,unit,8863.477,10433.389475438586,7296.62,1569.9124754385848,3136.7694754385857,2016
3050,4,Out,Assessed,0.0,C2015127820-0,210-00,Single Family Detached,SINGLE FAMILY RESIDENTIAL,Single-family,unit,8863.477,10433.389475438586,7296.62,1569.9124754385848,3136.7694754385857,2016
3051,4,Out,Assessed,0.0,C2015127831-0,210-00,Single Family Detached,SINGLE FAMILY RESIDENTIAL,Single-family,unit,8863.477,10433.389475438586,7296.62,1569.9124754385848,3136.7694754385857,2016
3052,4,Out,Assessed,0.0,C2015127834-0,210-00,Single Family Detached,SINGLE FAMILY RESIDENTIAL,Single-family,unit,8863.477,10433.389475438586,7296.62,1569.9124754385848,3136.7694754385857,2016
3053,4,Out,Assessed,0.0,C2015127836-0,210-00,Single Family Detached,SINGLE FAMILY RESIDENTIAL,Single-family,unit,8863.477,10433.389475438586,7296.62,1569.9124754385848,3136.7694754385857,2016
3054,4,Out,Assessed,0.0,C2015127837-0,210-00,Single Family Detached,SINGLE FAMILY RESIDENTIAL,Single-family,unit,8863.477,10433.389475438586,7296.62,1569.9124754385848,3136.7694754385857,2016
3055,4,Out,Assessed,0.0,C2015127839-0,210-00,Single Family Detached,SINGLE FAMILY RESIDENTIAL,Single-family,unit,8863.477,10433.389475438586,7296.62,1569.9124754385848,3136.7694754385857,2016
3056,4,Out,Assessed,0.0,C2015127840-0,210-00,Single Family Detached,SINGLE FAMILY RESIDENTIAL,Single-family,unit,8863.477,10433.389475438586,7296.62,1569.9124754385848,3136.7694754385857,2016
3057,4,Out,Assessed,0.0,C2016045917-0,210-00,Single Family Detached,SINGLE FAMILY RESIDENTIAL,Single-family,unit,8863.477,10433.389475438586,0.0,1569.9124754385848,10433.389475438586,2016
3058,4,Out,Assessed,0.0,C2016045922-0,210-00,Single Family Detached,SINGLE FAMILY RESIDENTIAL,Single-family,unit,8863.477,10433.389475438586,8581.43,1569.9124754385848,1851.9594754385853,2016
3059,4,Out,Assessed,0.0,C2016045941-0,210-00,Single Family Detached,SINGLE FAMILY RESIDENTIAL,Single-family,unit,8863.477,10433.389475438586,0.0,1569.9124754385848,10433.389475438586,2016
3060,4,Out,Assessed,0.0,C2016045974-0,210-00,Single Family Detached,SINGLE FAMILY RESIDENTIAL,Single-family,unit,8863.477,10433.389475438586,8581.43,1569.9124754385848,1851.9594754385853,2016
3061,4,Out,Assessed,0.0,C2016046039-0,210-00,Single Family Detached,SINGLE FAMILY RESIDENTIAL,Single-family,unit,8863.477,10433.389475438586,0.0,1569.9124754385848,10433.389475438586,2016
3062,4,Out,Assessed,0.0,C2016059384-0,210-00,Single Family Detached,SINGLE FAMILY RESIDENTIAL,Single-family,unit,8863.477,10433.389475438586,8581.43,1569.9124754385848,1851.9594754385853,2016
3063,4,Out,Assessed,0.0,C2016065758-1,210-00,Single Family Detached,SINGLE FAMILY RESIDENTIAL,Single-family,unit,0.0,0.0,0.0,0.0,0.0,2016
3064,4,Out,Assessed,0.0,C2016070955-0,210-00,Single Family Detached,SINGLE FAMILY RESIDENTIAL,Single-family,unit,8863.477,10433.389475438586,8581.43,1569.9124754385848,1851.9594754385853,2016
3065,4,Out,Assessed,0.0,C2016070965-0,210-00,Single Family Detached,SINGLE FAMILY RESIDENTIAL,Single-family,unit,8863.477,10433.389475438586,8581.43,1569.9124754385848,1851.9594754385853,2016
3066,4,Out,Assessed,0.0,C2016070982-0,210-00,Single Family Detached,SINGLE FAMILY RESIDENTIAL,Single-family,unit,8863.477,10433.389475438586,8581.43,1569.9124754385848,1851.9594754385853,2016
3067,4,Out,Assessed,0.0,C2016072502-0,210-00,Single Family Detached,SINGLE FAMILY RESIDENTIAL,Single-family,unit,8863.477,10433.389475438586,8581.43,1569.9124754385848,1851.9594754385853,2016
3068,4,Out,Assessed,0.0,C2016072506-0,210-00,Single Family Detached,SINGLE FAMILY RESIDENTIAL,Single-family,unit,8863.477,10433.389475438586,8581.43,1569.9124754385848,1851.9594754385853,2016
3069,4,Out,Assessed,0.0,C2016072508-0,210-00,Single Family Detached,SINGLE FAMILY RESIDENTIAL,Single-family,unit,8863.477,10433.389475438586,8581.43,1569.9124754385848,1851.9594754385853,2016
3070,4,Out,Assessed,0.0,C2016078020-0,231-00,Duplex,MULTI-FAMILY LESS THAN 10,Multifamily,unit,31123.344,30415.982877549777,42030.56,-707.3611224502238,-11614.57712245022,2016
3071,4,Out,Assessed,0.0,C2016078080-0,231-00,Duplex,MULTI-FAMILY LESS THAN 10,Multifamily,unit,31123.344,30415.982877549777,42030.56,-707.3611224502238,-11614.57712245022,2016
3072,4,Out,Assessed,0.0,C2016090040-0,817-00,Nursery Garden Center,"FLORISTS, GREENHOUSES",Commercial/Retail,sq. ft.,8690.715264,18645.77357912467,8414.16,9955.05831512467,10231.61357912467,2016
3073,4,Out,Assessed,0.0,C2016121168-0,210-00,Single Family Detached,SINGLE FAMILY RESIDENTIAL,Single-family,unit,0.0,0.0,0.0,0.0,0.0,2016
3074,4,Out,Assessed,0.0,C2016122524-0,210-00,Single Family Detached,SINGLE FAMILY RESIDENTIAL,Single-family,unit,8863.477,10433.389475438586,8581.43,1569.9124754385848,1851.9594754385853,2016
3075,4,Out,Assessed,0.0,C2016160084-0,210-00,Single Family Detached,SINGLE FAMILY RESIDENTIAL,Single-family,unit,8863.477,10433.389475438586,8581.43,1569.9124754385848,1851.9594754385853,2016
3076,4,Out,Assessed,0.0,C2016160217-0,210-00,Single Family Detached,SINGLE FAMILY RESIDENTIAL,Single-family,unit,8863.477,10433.389475438586,8581.43,1569.9124754385848,1851.9594754385853,2016
3077,4,Out,Assessed,0.0,C2016160233-0,210-00,Single Family Detached,SINGLE FAMILY RESIDENTIAL,Single-family,unit,8863.477,10433.389475438586,8581.43,1569.9124754385848,1851.9594754385853,2016
3078,4,Out,Assessed,0.0,C2016160291-0,210-00,Single Family Detached,SINGLE FAMILY RESIDENTIAL,Single-family,unit,8863.477,10433.389475438586,8581.43,1569.9124754385848,1851.9594754385853,2016
3079,4,Out,Assessed,0.0,C2016167388-0,210-00,Single Family Detached,SINGLE FAMILY RESIDENTIAL,Single-family,unit,8863.477,10433.389475438586,8581.43,1569.9124754385848,1851.9594754385853,2016
3080,4,Out,Assessed,0.0,C2016174177-0,210-00,Single Family Detached,SINGLE FAMILY RESIDENTIAL,Single-family,unit,8863.477,10433.389475438586,0.0,1569.9124754385848,10433.389475438586,2016
3081,4,Out,Assessed,0.0,C2016182141-0,210-00,Single Family Detached,SINGLE FAMILY RESIDENTIAL,Single-family,unit,0.0,0.0,0.0,0.0,0.0,2016
3082,4,Out,Assessed,0.0,C2016187066-0,210-00,Single Family Detached,SINGLE FAMILY RESIDENTIAL,Single-family,unit,0.0,0.0,0.0,0.0,0.0,2016
3083,4,Out,Assessed,0.0,C2017003541-0,210-00,Single Family Detached,SINGLE FAMILY RESIDENTIAL,Single-family,unit,0.0,0.0,0.0,0.0,0.0,2016
3084,4,Out,Assessed,0.0,C2017003553-0,210-00,Single Family Detached,SINGLE FAMILY RESIDENTIAL,Single-family,unit,0.0,0.0,0.0,0.0,0.0,2016
3085,4,Out,Assessed,0.0,C2017030516-0,210-00,Single Family Detached,SINGLE FAMILY RESIDENTIAL,Single-family,unit,8863.477,10433.389475438586,8863.480000000001,1569.9124754385848,1569.9094754385842,2016
3086,4,Out,Assessed,0.0,C2017038688-0,230-00,"Condominium,Townhouse",CONDOMINIUM,Single-family,unit,5426.4980000000005,6476.659144710818,5426.5,1050.161144710817,1050.1591447108176,2016
3087,4,Out,Assessed,0.0,M2015001553-0,820-01,"Shopping Center/General Retail [10,001 -50,000]","STORES, ONE STORY",Commercial/Retail,sq. ft.,512825.5720280001,398665.13545338955,375261.68,-114160.43657461053,23403.455453389557,2016
3088,4,Out,Assessed,0.0,M2016005297-0,231-00,Duplex,MULTI-FAMILY LESS THAN 10,Multifamily,unit,3890.418,3801.997859693722,5253.820000000001,-88.42014030627797,-1451.8221403062785,2016
3089,4,Out,Assessed,0.0,M2016009367-0,210-00,Single Family Detached,SINGLE FAMILY RESIDENTIAL,Single-family,unit,8863.477,10433.389475438586,8581.43,1569.9124754385848,1851.9594754385853,2016
3090,4,Out,Collected,0.0,C2015017712-0,210-00,Single Family Detached,SINGLE FAMILY RESIDENTIAL,Single-family,unit,8863.477,10433.389475438586,6485.879999999999,1569.9124754385848,3947.5094754385864,2016
3091,4,Out,Collected,0.0,C2015048448-0,210-00,Single Family Detached,SINGLE FAMILY RESIDENTIAL,Single-family,unit,8863.477,10433.389475438586,6485.879999999999,1569.9124754385848,3947.5094754385864,2016
3092,4,Out,Collected,0.0,C2015048463-0,210-00,Single Family Detached,SINGLE FAMILY RESIDENTIAL,Single-family,unit,8863.477,10433.389475438586,6485.879999999999,1569.9124754385848,3947.5094754385864,2016
3093,4,Out,Collected,0.0,C2015113325-0,231-00,Duplex,MULTI-FAMILY LESS THAN 10,Multifamily,unit,23342.508,22811.987158162334,26803.299999999996,-530.5208418376678,-3991.312841837662,2016
3094,4,Out,Collected,0.0,C2015118917-0,210-00,Single Family Detached,SINGLE FAMILY RESIDENTIAL,Single-family,unit,8863.477,10433.389475438586,7296.62,1569.9124754385848,3136.7694754385857,2016
3095,4,Out,Collected,0.0,C2015134246-0,210-00,Single Family Detached,SINGLE FAMILY RESIDENTIAL,Single-family,unit,8863.477,10433.389475438586,7296.62,1569.9124754385848,3136.7694754385857,2016
3096,4,Out,Collected,0.0,C2015138561-0,210-00,Single Family Detached,SINGLE FAMILY RESIDENTIAL,Single-family,unit,8863.477,10433.389475438586,7296.62,1569.9124754385848,3136.7694754385857,2016
3097,4,Out,Collected,0.0,C2015138563-0,210-00,Single Family Detached,SINGLE FAMILY RESIDENTIAL,Single-family,unit,8863.477,10433.389475438586,7296.62,1569.9124754385848,3136.7694754385857,2016
3098,4,Out,Collected,0.0,C2015138566-0,210-00,Single Family Detached,SINGLE FAMILY RESIDENTIAL,Single-family,unit,8863.477,10433.389475438586,7296.62,1569.9124754385848,3136.7694754385857,2016
3099,4,Out,Collected,0.0,C2015138568-0,210-00,Single Family Detached,SINGLE FAMILY RESIDENTIAL,Single-family,unit,8863.477,10433.389475438586,7296.62,1569.9124754385848,3136.7694754385857,2016
3100,4,Out,Collected,0.0,C2015138573-0,210-00,Single Family Detached,SINGLE FAMILY RESIDENTIAL,Single-family,unit,8863.477,10433.389475438586,7296.62,1569.9124754385848,3136.7694754385857,2016
3101,4,Out,Collected,0.0,C2015138574-0,210-00,Single Family Detached,SINGLE FAMILY RESIDENTIAL,Single-family,unit,8863.477,10433.389475438586,7296.62,1569.9124754385848,3136.7694754385857,2016
3102,4,Out,Collected,0.0,C2015138575-0,210-00,Single Family Detached,SINGLE FAMILY RESIDENTIAL,Single-family,unit,8863.477,10433.389475438586,7296.62,1569.9124754385848,3136.7694754385857,2016
3103,4,Out,Collected,0.0,C2015138577-0,210-00,Single Family Detached,SINGLE FAMILY RESIDENTIAL,Single-family,unit,8863.477,10433.389475438586,7296.62,1569.9124754385848,3136.7694754385857,2016
3104,4,Out,Collected,0.0,C2015138578-0,210-00,Single Family Detached,SINGLE FAMILY RESIDENTIAL,Single-family,unit,8863.477,10433.389475438586,7296.62,1569.9124754385848,3136.7694754385857,2016
3105,4,Out,Collected,0.0,C2015138579-0,210-00,Single Family Detached,SINGLE FAMILY RESIDENTIAL,Single-family,unit,8863.477,10433.389475438586,7296.62,1569.9124754385848,3136.7694754385857,2016
3106,4,Out,Collected,0.0,C2015138580-0,210-00,Single Family Detached,SINGLE FAMILY RESIDENTIAL,Single-family,unit,8863.477,10433.389475438586,7296.62,1569.9124754385848,3136.7694754385857,2016
3107,4,Out,Collected,0.0,C2015138582-0,210-00,Single Family Detached,SINGLE FAMILY RESIDENTIAL,Single-family,unit,8863.477,10433.389475438586,7296.62,1569.9124754385848,3136.7694754385857,2016
3108,4,Out,Collected,0.0,C2015138584-0,210-00,Single Family Detached,SINGLE FAMILY RESIDENTIAL,Single-family,unit,8863.477,10433.389475438586,7296.62,1569.9124754385848,3136.7694754385857,2016
3109,4,Out,Collected,0.0,C2015138586-0,210-00,Single Family Detached,SINGLE FAMILY RESIDENTIAL,Single-family,unit,8863.477,10433.389475438586,7296.62,1569.9124754385848,3136.7694754385857,2016
3110,4,Out,Collected,0.0,C2015138590-0,210-00,Single Family Detached,SINGLE FAMILY RESIDENTIAL,Single-family,unit,8863.477,10433.389475438586,7296.62,1569.9124754385848,3136.7694754385857,2016
3111,4,Out,Collected,0.0,C2015138592-0,210-00,Single Family Detached,SINGLE FAMILY RESIDENTIAL,Single-family,unit,8863.477,10433.389475438586,7296.62,1569.9124754385848,3136.7694754385857,2016
3112,4,Out,Collected,0.0,C2015138669-0,210-00,Single Family Detached,SINGLE FAMILY RESIDENTIAL,Single-family,unit,8863.477,10433.389475438586,7297.11,1569.9124754385848,3136.279475438586,2016
3113,4,Out,Collected,0.0,C2015141959-0,210-00,Single Family Detached,SINGLE FAMILY RESIDENTIAL,Single-family,unit,8863.477,10433.389475438586,7296.62,1569.9124754385848,3136.7694754385857,2016
3114,4,Out,Collected,0.0,C2015142331-0,210-00,Single Family Detached,SINGLE FAMILY RESIDENTIAL,Single-family,unit,8863.477,10433.389475438586,7296.62,1569.9124754385848,3136.7694754385857,2016
3115,4,Out,Collected,0.0,C2015142362-0,210-00,Single Family Detached,SINGLE FAMILY RESIDENTIAL,Single-family,unit,8863.477,10433.389475438586,7296.62,1569.9124754385848,3136.7694754385857,2016
3116,4,Out,Collected,0.0,C2015177802-0,210-00,Single Family Detached,SINGLE FAMILY RESIDENTIAL,Single-family,unit,8863.477,10433.389475438586,7296.62,1569.9124754385848,3136.7694754385857,2016
3117,4,Out,Collected,0.0,C2015177815-0,210-00,Single Family Detached,SINGLE FAMILY RESIDENTIAL,Single-family,unit,8863.477,10433.389475438586,7296.62,1569.9124754385848,3136.7694754385857,2016
3118,4,Out,Collected,0.0,C2015179123-0,210-00,Single Family Detached,SINGLE FAMILY RESIDENTIAL,Single-family,unit,8863.477,10433.389475438586,7296.62,1569.9124754385848,3136.7694754385857,2016
3119,4,Out,Collected,0.0,C2016003141-0,210-00,Single Family Detached,SINGLE FAMILY RESIDENTIAL,Single-family,unit,8863.477,10433.389475438586,7723.29,1569.9124754385848,2710.0994754385856,2016
3120,4,Out,Collected,0.0,C2016004906-0,220-00,Apartment (Rentals),MULTI-FAMILY 10 OR MORE,Multifamily,unit,149377.872,194167.14650900965,130162.03,44789.27450900964,64005.11650900965,2016
3121,4,Out,Collected,0.0,C2016004919-0,220-00,Apartment (Rentals),MULTI-FAMILY 10 OR MORE,Multifamily,unit,149377.872,194167.14650900965,130162.03,44789.27450900964,64005.11650900965,2016
3122,4,Out,Collected,0.0,C2016004925-0,220-00,Apartment (Rentals),MULTI-FAMILY 10 OR MORE,Multifamily,unit,149377.872,194167.14650900965,130162.03,44789.27450900964,64005.11650900965,2016
3123,4,Out,Collected,0.0,C2016004962-0,220-00,Apartment (Rentals),MULTI-FAMILY 10 OR MORE,Multifamily,unit,149377.872,194167.14650900965,130162.03,44789.27450900964,64005.11650900965,2016
3124,4,Out,Collected,0.0,C2016004979-0,220-00,Apartment (Rentals),MULTI-FAMILY 10 OR MORE,Multifamily,unit,224066.80800000002,291250.71976351447,195243.05,67183.91176351445,96007.66976351448,2016
3125,4,Out,Collected,0.0,C2016021484-0,230-00,"Condominium,Townhouse",CONDOMINIUM,Single-family,unit,10852.996000000001,12953.318289421635,9456.880000000001,2100.322289421634,3496.438289421634,2016
3126,4,Out,Collected,0.0,C2016031728-0,210-00,Single Family Detached,SINGLE FAMILY RESIDENTIAL,Single-family,unit,8863.477,10433.389475438586,7723.29,1569.9124754385848,2710.0994754385856,2016
3127,4,Out,Collected,0.0,C2016031732-0,210-00,Single Family Detached,SINGLE FAMILY RESIDENTIAL,Single-family,unit,8863.477,10433.389475438586,7723.29,1569.9124754385848,2710.0994754385856,2016
3128,4,Out,Collected,0.0,C2016031733-0,210-00,Single Family Detached,SINGLE FAMILY RESIDENTIAL,Single-family,unit,8863.477,10433.389475438586,7723.29,1569.9124754385848,2710.0994754385856,2016
3129,4,Out,Collected,0.0,C2016031738-0,210-00,Single Family Detached,SINGLE FAMILY RESIDENTIAL,Single-family,unit,8863.477,10433.389475438586,7723.29,1569.9124754385848,2710.0994754385856,2016
3130,4,Out,Collected,0.0,C2016031740-0,210-00,Single Family Detached,SINGLE FAMILY RESIDENTIAL,Single-family,unit,8863.477,10433.389475438586,7723.29,1569.9124754385848,2710.0994754385856,2016
3131,4,Out,Collected,0.0,C2016031742-0,210-00,Single Family Detached,SINGLE FAMILY RESIDENTIAL,Single-family,unit,8863.477,10433.389475438586,7723.29,1569.9124754385848,2710.0994754385856,2016
3132,4,Out,Collected,0.0,C2016031747-0,210-00,Single Family Detached,SINGLE FAMILY RESIDENTIAL,Single-family,unit,8863.477,10433.389475438586,7723.29,1569.9124754385848,2710.0994754385856,2016
3133,4,Out,Collected,0.0,C2016033538-0,210-00,Single Family Detached,SINGLE FAMILY RESIDENTIAL,Single-family,unit,8863.477,10433.389475438586,7723.29,1569.9124754385848,2710.0994754385856,2016
3134,4,Out,Collected,0.0,C2016033546-0,210-00,Single Family Detached,SINGLE FAMILY RESIDENTIAL,Single-family,unit,8863.477,10433.389475438586,7723.29,1569.9124754385848,2710.0994754385856,2016
3135,4,Out,Collected,0.0,C2016033571-0,210-00,Single Family Detached,SINGLE FAMILY RESIDENTIAL,Single-family,unit,8863.477,10433.389475438586,7723.29,1569.9124754385848,2710.0994754385856,2016
3136,4,Out,Collected,0.0,C2016033574-0,210-00,Single Family Detached,SINGLE FAMILY RESIDENTIAL,Single-family,unit,8863.477,10433.389475438586,7723.29,1569.9124754385848,2710.0994754385856,2016
3137,4,Out,Collected,0.0,C2016033584-0,210-00,Single Family Detached,SINGLE FAMILY RESIDENTIAL,Single-family,unit,8863.477,10433.389475438586,7723.29,1569.9124754385848,2710.0994754385856,2016
3138,4,Out,Collected,0.0,C2016033588-0,210-00,Single Family Detached,SINGLE FAMILY RESIDENTIAL,Single-family,unit,8863.477,10433.389475438586,7723.29,1569.9124754385848,2710.0994754385856,2016
3139,4,Out,Collected,0.0,C2016033677-0,210-00,Single Family Detached,SINGLE FAMILY RESIDENTIAL,Single-family,unit,8863.477,10433.389475438586,7723.29,1569.9124754385848,2710.0994754385856,2016
3140,4,Out,Collected,0.0,C2016034051-0,210-00,Single Family Detached,SINGLE FAMILY RESIDENTIAL,Single-family,unit,8863.477,10433.389475438586,7723.29,1569.9124754385848,2710.0994754385856,2016
3141,4,Out,Collected,0.0,C2016034056-0,210-00,Single Family Detached,SINGLE FAMILY RESIDENTIAL,Single-family,unit,8863.477,10433.389475438586,7723.29,1569.9124754385848,2710.0994754385856,2016
3142,4,Out,Collected,0.0,C2016034607-0,210-00,Single Family Detached,SINGLE FAMILY RESIDENTIAL,Single-family,unit,8863.477,10433.389475438586,7723.29,1569.9124754385848,2710.0994754385856,2016
3143,4,Out,Collected,0.0,C2016034609-0,210-00,Single Family Detached,SINGLE FAMILY RESIDENTIAL,Single-family,unit,8863.477,10433.389475438586,7723.29,1569.9124754385848,2710.0994754385856,2016
3144,4,Out,Collected,0.0,C2016034610-0,210-00,Single Family Detached,SINGLE FAMILY RESIDENTIAL,Single-family,unit,8863.477,10433.389475438586,7723.29,1569.9124754385848,2710.0994754385856,2016
3145,4,Out,Collected,0.0,C2016034611-0,210-00,Single Family Detached,SINGLE FAMILY RESIDENTIAL,Single-family,unit,8863.477,10433.389475438586,7723.29,1569.9124754385848,2710.0994754385856,2016
3146,4,Out,Collected,0.0,C2016034615-0,210-00,Single Family Detached,SINGLE FAMILY RESIDENTIAL,Single-family,unit,8863.477,10433.389475438586,7723.29,1569.9124754385848,2710.0994754385856,2016
3147,4,Out,Collected,0.0,C2016034619-0,210-00,Single Family Detached,SINGLE FAMILY RESIDENTIAL,Single-family,unit,8863.477,10433.389475438586,7723.29,1569.9124754385848,2710.0994754385856,2016
3148,4,Out,Collected,0.0,C2016034626-0,210-00,Single Family Detached,SINGLE FAMILY RESIDENTIAL,Single-family,unit,8863.477,10433.389475438586,7723.29,1569.9124754385848,2710.0994754385856,2016
3149,4,Out,Collected,0.0,C2016034629-0,210-00,Single Family Detached,SINGLE FAMILY RESIDENTIAL,Single-family,unit,8863.477,10433.389475438586,7723.29,1569.9124754385848,2710.0994754385856,2016
3150,4,Out,Collected,0.0,C2016038386-0,210-00,Single Family Detached,SINGLE FAMILY RESIDENTIAL,Single-family,unit,8863.477,10433.389475438586,7723.29,1569.9124754385848,2710.0994754385856,2016
3151,4,Out,Collected,0.0,C2016042610-0,210-00,Single Family Detached,SINGLE FAMILY RESIDENTIAL,Single-family,unit,8863.477,10433.389475438586,7723.29,1569.9124754385848,2710.0994754385856,2016
3152,4,Out,Collected,0.0,C2016042629-0,210-00,Single Family Detached,SINGLE FAMILY RESIDENTIAL,Single-family,unit,8863.477,10433.389475438586,7723.29,1569.9124754385848,2710.0994754385856,2016
3153,4,Out,Collected,0.0,C2016044006-0,210-00,Single Family Detached,SINGLE FAMILY RESIDENTIAL,Single-family,unit,8863.477,10433.389475438586,7723.29,1569.9124754385848,2710.0994754385856,2016
3154,4,Out,Collected,0.0,C2016044010-0,210-00,Single Family Detached,SINGLE FAMILY RESIDENTIAL,Single-family,unit,8863.477,10433.389475438586,7723.29,1569.9124754385848,2710.0994754385856,2016
3155,4,Out,Collected,0.0,C2016044183-0,210-00,Single Family Detached,SINGLE FAMILY RESIDENTIAL,Single-family,unit,8863.477,10433.389475438586,7723.29,1569.9124754385848,2710.0994754385856,2016
3156,4,Out,Collected,0.0,C2016044186-0,210-00,Single Family Detached,SINGLE FAMILY RESIDENTIAL,Single-family,unit,8863.477,10433.389475438586,7723.29,1569.9124754385848,2710.0994754385856,2016
3157,4,Out,Collected,0.0,C2016044986-0,210-00,Single Family Detached,SINGLE FAMILY RESIDENTIAL,Single-family,unit,8863.477,10433.389475438586,8581.43,1569.9124754385848,1851.9594754385853,2016
3158,4,Out,Collected,0.0,C2016044987-0,210-00,Single Family Detached,SINGLE FAMILY RESIDENTIAL,Single-family,unit,8863.477,10433.389475438586,8581.43,1569.9124754385848,1851.9594754385853,2016
3159,4,Out,Collected,0.0,C2016045009-0,210-00,Single Family Detached,SINGLE FAMILY RESIDENTIAL,Single-family,unit,8863.477,10433.389475438586,8581.43,1569.9124754385848,1851.9594754385853,2016
3160,4,Out,Collected,0.0,C2016045011-0,210-00,Single Family Detached,SINGLE FAMILY RESIDENTIAL,Single-family,unit,8863.477,10433.389475438586,8581.43,1569.9124754385848,1851.9594754385853,2016
3161,4,Out,Collected,0.0,C2016045032-0,565-00,Day Care Center,PRIVATE SCHOOLS & COLLEGES,Other,sq. ft.,41640.7656,291067.1880942819,40315.7,249426.4224942819,250751.48809428187,2016
3162,4,Out,Collected,0.0,C2016045928-0,210-00,Single Family Detached,SINGLE FAMILY RESIDENTIAL,Single-family,unit,8863.477,10433.389475438586,9581.429999999998,1569.9124754385848,851.9594754385871,2016
3163,4,Out,Collected,0.0,C2016045930-0,210-00,Single Family Detached,SINGLE FAMILY RESIDENTIAL,Single-family,unit,8863.477,10433.389475438586,9581.429999999998,1569.9124754385848,851.9594754385871,2016
3164,4,Out,Collected,0.0,C2016045932-0,210-00,Single Family Detached,SINGLE FAMILY RESIDENTIAL,Single-family,unit,8863.477,10433.389475438586,0.0,1569.9124754385848,10433.389475438586,2016
3165,4,Out,Collected,0.0,C2016045942-0,210-00,Single Family Detached,SINGLE FAMILY RESIDENTIAL,Single-family,unit,8863.477,10433.389475438586,8581.43,1569.9124754385848,1851.9594754385853,2016
3166,4,Out,Collected,0.0,C2016045957-0,210-00,Single Family Detached,SINGLE FAMILY RESIDENTIAL,Single-family,unit,8863.477,10433.389475438586,8581.43,1569.9124754385848,1851.9594754385853,2016
3167,4,Out,Collected,0.0,C2016045958-0,210-00,Single Family Detached,SINGLE FAMILY RESIDENTIAL,Single-family,unit,8863.477,10433.389475438586,0.0,1569.9124754385848,10433.389475438586,2016
3168,4,Out,Collected,0.0,C2016045961-0,210-00,Single Family Detached,SINGLE FAMILY RESIDENTIAL,Single-family,unit,8863.477,10433.389475438586,8581.43,1569.9124754385848,1851.9594754385853,2016
3169,4,Out,Collected,0.0,C2016045964-0,210-00,Single Family Detached,SINGLE FAMILY RESIDENTIAL,Single-family,unit,8863.477,10433.389475438586,8581.43,1569.9124754385848,1851.9594754385853,2016
3170,4,Out,Collected,0.0,C2016045967-0,210-00,Single Family Detached,SINGLE FAMILY RESIDENTIAL,Single-family,unit,8863.477,10433.389475438586,8581.43,1569.9124754385848,1851.9594754385853,2016
3171,4,Out,Collected,0.0,C2016045969-0,210-00,Single Family Detached,SINGLE FAMILY RESIDENTIAL,Single-family,unit,8863.477,10433.389475438586,8581.43,1569.9124754385848,1851.9594754385853,2016
3172,4,Out,Collected,0.0,C2016045970-0,210-00,Single Family Detached,SINGLE FAMILY RESIDENTIAL,Single-family,unit,8863.477,10433.389475438586,0.0,1569.9124754385848,10433.389475438586,2016
3173,4,Out,Collected,0.0,C2016045975-0,210-00,Single Family Detached,SINGLE FAMILY RESIDENTIAL,Single-family,unit,8863.477,10433.389475438586,8581.43,1569.9124754385848,1851.9594754385853,2016
3174,4,Out,Collected,0.0,C2016045977-0,210-00,Single Family Detached,SINGLE FAMILY RESIDENTIAL,Single-family,unit,8863.477,10433.389475438586,8581.43,1569.9124754385848,1851.9594754385853,2016
3175,4,Out,Collected,0.0,C2016045981-0,210-00,Single Family Detached,SINGLE FAMILY RESIDENTIAL,Single-family,unit,8863.477,10433.389475438586,8581.43,1569.9124754385848,1851.9594754385853,2016
3176,4,Out,Collected,0.0,C2016045986-0,210-00,Single Family Detached,SINGLE FAMILY RESIDENTIAL,Single-family,unit,8863.477,10433.389475438586,8581.43,1569.9124754385848,1851.9594754385853,2016
3177,4,Out,Collected,0.0,C2016045989-0,210-00,Single Family Detached,SINGLE FAMILY RESIDENTIAL,Single-family,unit,8863.477,10433.389475438586,8581.43,1569.9124754385848,1851.9594754385853,2016
3178,4,Out,Collected,0.0,C2016045991-0,210-00,Single Family Detached,SINGLE FAMILY RESIDENTIAL,Single-family,unit,8863.477,10433.389475438586,8581.43,1569.9124754385848,1851.9594754385853,2016
3179,4,Out,Collected,0.0,C2016045998-0,210-00,Single Family Detached,SINGLE FAMILY RESIDENTIAL,Single-family,unit,8863.477,10433.389475438586,8581.43,1569.9124754385848,1851.9594754385853,2016
3180,4,Out,Collected,0.0,C2016046006-0,210-00,Single Family Detached,SINGLE FAMILY RESIDENTIAL,Single-family,unit,8863.477,10433.389475438586,8581.43,1569.9124754385848,1851.9594754385853,2016
3181,4,Out,Collected,0.0,C2016046009-0,210-00,Single Family Detached,SINGLE FAMILY RESIDENTIAL,Single-family,unit,8863.477,10433.389475438586,8581.43,1569.9124754385848,1851.9594754385853,2016
3182,4,Out,Collected,0.0,C2016046018-0,210-00,Single Family Detached,SINGLE FAMILY RESIDENTIAL,Single-family,unit,8863.477,10433.389475438586,8581.43,1569.9124754385848,1851.9594754385853,2016
3183,4,Out,Collected,0.0,C2016046020-0,210-00,Single Family Detached,SINGLE FAMILY RESIDENTIAL,Single-family,unit,8863.477,10433.389475438586,8581.43,1569.9124754385848,1851.9594754385853,2016
3184,4,Out,Collected,0.0,C2016046026-0,210-00,Single Family Detached,SINGLE FAMILY RESIDENTIAL,Single-family,unit,8863.477,10433.389475438586,8581.43,1569.9124754385848,1851.9594754385853,2016
3185,4,Out,Collected,0.0,C2016046027-0,210-00,Single Family Detached,SINGLE FAMILY RESIDENTIAL,Single-family,unit,8863.477,10433.389475438586,8581.43,1569.9124754385848,1851.9594754385853,2016
3186,4,Out,Collected,0.0,C2016046654-0,210-00,Single Family Detached,SINGLE FAMILY RESIDENTIAL,Single-family,unit,8863.477,10433.389475438586,8581.43,1569.9124754385848,1851.9594754385853,2016
3187,4,Out,Collected,0.0,C2016046657-0,210-00,Single Family Detached,SINGLE FAMILY RESIDENTIAL,Single-family,unit,8863.477,10433.389475438586,8581.43,1569.9124754385848,1851.9594754385853,2016
3188,4,Out,Collected,0.0,C2016046660-0,210-00,Single Family Detached,SINGLE FAMILY RESIDENTIAL,Single-family,unit,8863.477,10433.389475438586,8581.43,1569.9124754385848,1851.9594754385853,2016
3189,4,Out,Collected,0.0,C2016046728-0,210-00,Single Family Detached,SINGLE FAMILY RESIDENTIAL,Single-family,unit,8863.477,10433.389475438586,8581.43,1569.9124754385848,1851.9594754385853,2016
3190,4,Out,Collected,0.0,C2016046734-0,210-00,Single Family Detached,SINGLE FAMILY RESIDENTIAL,Single-family,unit,8863.477,10433.389475438586,8581.43,1569.9124754385848,1851.9594754385853,2016
3191,4,Out,Collected,0.0,C2016046735-0,210-00,Single Family Detached,SINGLE FAMILY RESIDENTIAL,Single-family,unit,8863.477,10433.389475438586,8581.43,1569.9124754385848,1851.9594754385853,2016
3192,4,Out,Collected,0.0,C2016046855-0,210-00,Single Family Detached,SINGLE FAMILY RESIDENTIAL,Single-family,unit,8863.477,10433.389475438586,8581.43,1569.9124754385848,1851.9594754385853,2016
3193,4,Out,Collected,0.0,C2016046891-0,210-00,Single Family Detached,SINGLE FAMILY RESIDENTIAL,Single-family,unit,8863.477,10433.389475438586,8581.43,1569.9124754385848,1851.9594754385853,2016
3194,4,Out,Collected,0.0,C2016046895-0,210-00,Single Family Detached,SINGLE FAMILY RESIDENTIAL,Single-family,unit,8863.477,10433.389475438586,8581.43,1569.9124754385848,1851.9594754385853,2016
3195,4,Out,Collected,0.0,C2016047094-0,210-00,Single Family Detached,SINGLE FAMILY RESIDENTIAL,Single-family,unit,8863.477,10433.389475438586,8581.43,1569.9124754385848,1851.9594754385853,2016
3196,4,Out,Collected,0.0,C2016047118-0,210-00,Single Family Detached,SINGLE FAMILY RESIDENTIAL,Single-family,unit,8863.477,10433.389475438586,8581.43,1569.9124754385848,1851.9594754385853,2016
3197,4,Out,Collected,0.0,C2016047131-0,210-00,Single Family Detached,SINGLE FAMILY RESIDENTIAL,Single-family,unit,8863.477,10433.389475438586,8581.43,1569.9124754385848,1851.9594754385853,2016
3198,4,Out,Collected,0.0,C2016047134-0,210-00,Single Family Detached,SINGLE FAMILY RESIDENTIAL,Single-family,unit,8863.477,10433.389475438586,8581.43,1569.9124754385848,1851.9594754385853,2016
3199,4,Out,Collected,0.0,C2016047140-0,210-00,Single Family Detached,SINGLE FAMILY RESIDENTIAL,Single-family,unit,8863.477,10433.389475438586,8581.43,1569.9124754385848,1851.9594754385853,2016
3200,4,Out,Collected,0.0,C2016049982-0,210-00,Single Family Detached,SINGLE FAMILY RESIDENTIAL,Single-family,unit,8863.477,10433.389475438586,8581.43,1569.9124754385848,1851.9594754385853,2016
3201,4,Out,Collected,0.0,C2016049987-0,210-00,Single Family Detached,SINGLE FAMILY RESIDENTIAL,Single-family,unit,8863.477,10433.389475438586,8581.43,1569.9124754385848,1851.9594754385853,2016
3202,4,Out,Collected,0.0,C2016055402-0,231-00,Duplex,MULTI-FAMILY LESS THAN 10,Multifamily,unit,11671.254,11405.993579081167,15761.46,-265.2604209188339,-4355.466420918832,2016
3203,4,Out,Collected,0.0,C2016055405-0,231-00,Duplex,MULTI-FAMILY LESS THAN 10,Multifamily,unit,11671.254,11405.993579081167,15761.46,-265.2604209188339,-4355.466420918832,2016
3204,4,Out,Collected,0.0,C2016055409-0,231-00,Duplex,MULTI-FAMILY LESS THAN 10,Multifamily,unit,11671.254,11405.993579081167,15761.46,-265.2604209188339,-4355.466420918832,2016
3205,4,Out,Collected,0.0,C2016055884-0,210-00,Single Family Detached,SINGLE FAMILY RESIDENTIAL,Single-family,unit,8863.477,10433.389475438586,8581.43,1569.9124754385848,1851.9594754385853,2016
3206,4,Out,Collected,0.0,C2016055888-0,210-00,Single Family Detached,SINGLE FAMILY RESIDENTIAL,Single-family,unit,8863.477,10433.389475438586,8581.43,1569.9124754385848,1851.9594754385853,2016
3207,4,Out,Collected,0.0,C2016055892-0,210-00,Single Family Detached,SINGLE FAMILY RESIDENTIAL,Single-family,unit,8863.477,10433.389475438586,8581.43,1569.9124754385848,1851.9594754385853,2016
3208,4,Out,Collected,0.0,C2016056588-0,210-00,Single Family Detached,SINGLE FAMILY RESIDENTIAL,Single-family,unit,8863.477,10433.389475438586,8581.43,1569.9124754385848,1851.9594754385853,2016
3209,4,Out,Collected,0.0,C2016060508-0,210-00,Single Family Detached,SINGLE FAMILY RESIDENTIAL,Single-family,unit,8863.477,10433.389475438586,8581.43,1569.9124754385848,1851.9594754385853,2016
3210,4,Out,Collected,0.0,C2016065753-0,210-00,Single Family Detached,SINGLE FAMILY RESIDENTIAL,Single-family,unit,8863.477,10433.389475438586,8581.43,1569.9124754385848,1851.9594754385853,2016
3211,4,Out,Collected,0.0,C2016065756-0,210-00,Single Family Detached,SINGLE FAMILY RESIDENTIAL,Single-family,unit,8863.477,10433.389475438586,8581.43,1569.9124754385848,1851.9594754385853,2016
3212,4,Out,Collected,0.0,C2016065758-0,210-00,Single Family Detached,SINGLE FAMILY RESIDENTIAL,Single-family,unit,8863.477,10433.389475438586,8581.43,1569.9124754385848,1851.9594754385853,2016
3213,4,Out,Collected,0.0,C2016065848-0,210-00,Single Family Detached,SINGLE FAMILY RESIDENTIAL,Single-family,unit,8863.477,10433.389475438586,8581.43,1569.9124754385848,1851.9594754385853,2016
3214,4,Out,Collected,0.0,C2016065905-0,210-00,Single Family Detached,SINGLE FAMILY RESIDENTIAL,Single-family,unit,8863.477,10433.389475438586,8581.43,1569.9124754385848,1851.9594754385853,2016
3215,4,Out,Collected,0.0,C2016065921-0,210-00,Single Family Detached,SINGLE FAMILY RESIDENTIAL,Single-family,unit,8863.477,10433.389475438586,8581.43,1569.9124754385848,1851.9594754385853,2016
3216,4,Out,Collected,0.0,C2016065928-0,210-00,Single Family Detached,SINGLE FAMILY RESIDENTIAL,Single-family,unit,8863.477,10433.389475438586,8581.43,1569.9124754385848,1851.9594754385853,2016
3217,4,Out,Collected,0.0,C2016065933-0,210-00,Single Family Detached,SINGLE FAMILY RESIDENTIAL,Single-family,unit,8863.477,10433.389475438586,8581.43,1569.9124754385848,1851.9594754385853,2016
3218,4,Out,Collected,0.0,C2016065936-0,210-00,Single Family Detached,SINGLE FAMILY RESIDENTIAL,Single-family,unit,8863.477,10433.389475438586,8581.43,1569.9124754385848,1851.9594754385853,2016
3219,4,Out,Collected,0.0,C2016065955-0,210-00,Single Family Detached,SINGLE FAMILY RESIDENTIAL,Single-family,unit,8863.477,10433.389475438586,8581.43,1569.9124754385848,1851.9594754385853,2016
3220,4,Out,Collected,0.0,C2016065957-0,210-00,Single Family Detached,SINGLE FAMILY RESIDENTIAL,Single-family,unit,8863.477,10433.389475438586,8581.43,1569.9124754385848,1851.9594754385853,2016
3221,4,Out,Collected,0.0,C2016067020-0,231-00,Duplex,MULTI-FAMILY LESS THAN 10,Multifamily,unit,11671.254,11405.993579081167,15761.46,-265.2604209188339,-4355.466420918832,2016
3222,4,Out,Collected,0.0,C2016067024-0,231-00,Duplex,MULTI-FAMILY LESS THAN 10,Multifamily,unit,11671.254,11405.993579081167,15761.46,-265.2604209188339,-4355.466420918832,2016
3223,4,Out,Collected,0.0,C2016067026-0,231-00,Duplex,MULTI-FAMILY LESS THAN 10,Multifamily,unit,11671.254,11405.993579081167,15761.46,-265.2604209188339,-4355.466420918832,2016
3224,4,Out,Collected,0.0,C2016068995-0,231-00,Duplex,MULTI-FAMILY LESS THAN 10,Multifamily,unit,38904.18,38019.978596937224,52538.200000000004,-884.2014030627761,-14518.22140306278,2016
3225,4,Out,Collected,0.0,C2016068997-0,231-00,Duplex,MULTI-FAMILY LESS THAN 10,Multifamily,unit,38904.18,38019.978596937224,52538.200000000004,-884.2014030627761,-14518.22140306278,2016
3226,4,Out,Collected,0.0,C2016069010-0,231-00,Duplex,MULTI-FAMILY LESS THAN 10,Multifamily,unit,35013.762,34217.9807372435,47284.38,-795.7812627564999,-13066.399262756495,2016
3227,4,Out,Collected,0.0,C2016069689-0,210-00,Single Family Detached,SINGLE FAMILY RESIDENTIAL,Single-family,unit,7090.7816,8346.711580350868,6865.140000000001,1255.9299803508675,1481.5715803508665,2016
3228,4,Out,Collected,0.0,C2016071694-0,210-00,Single Family Detached,SINGLE FAMILY RESIDENTIAL,Single-family,unit,8863.477,10433.389475438586,8581.43,1569.9124754385848,1851.9594754385853,2016
3229,4,Out,Collected,0.0,C2016072093-0,150-00,Warehousing,"WAREHOUSING, DISTRIBUTION TERMINALS",Industrial/Manufacturing,sq. ft.,6277.613342,2599.204332222291,6077.88,-3678.4090097777084,-3478.675667777709,2016
3230,4,Out,Collected,0.0,C2016072475-0,210-00,Single Family Detached,SINGLE FAMILY RESIDENTIAL,Single-family,unit,8863.477,10433.389475438586,8581.43,1569.9124754385848,1851.9594754385853,2016
3231,4,Out,Collected,0.0,C2016072496-0,210-00,Single Family Detached,SINGLE FAMILY RESIDENTIAL,Single-family,unit,8863.477,10433.389475438586,8581.43,1569.9124754385848,1851.9594754385853,2016
3232,4,Out,Collected,0.0,C2016072510-0,210-00,Single Family Detached,SINGLE FAMILY RESIDENTIAL,Single-family,unit,8863.477,10433.389475438586,8581.43,1569.9124754385848,1851.9594754385853,2016
3233,4,Out,Collected,0.0,C2016079151-0,231-00,Duplex,MULTI-FAMILY LESS THAN 10,Multifamily,unit,31123.344,30415.982877549777,42030.56,-707.3611224502238,-11614.57712245022,2016
3234,4,Out,Collected,0.0,C2016079156-0,231-00,Duplex,MULTI-FAMILY LESS THAN 10,Multifamily,unit,31123.344,30415.982877549777,42030.56,-707.3611224502238,-11614.57712245022,2016
3235,4,Out,Collected,0.0,C2016080075-0,210-00,Single Family Detached,SINGLE FAMILY RESIDENTIAL,Single-family,unit,8863.477,10433.389475438586,8581.43,1569.9124754385848,1851.9594754385853,2016
3236,4,Out,Collected,0.0,C2016080481-0,210-00,Single Family Detached,SINGLE FAMILY RESIDENTIAL,Single-family,unit,7090.7816,8346.711580350868,6865.140000000001,1255.9299803508675,1481.5715803508665,2016
3237,4,Out,Collected,0.0,C2016080646-0,210-00,Single Family Detached,SINGLE FAMILY RESIDENTIAL,Single-family,unit,8863.477,10433.389475438586,8581.43,1569.9124754385848,1851.9594754385853,2016
3238,4,Out,Collected,0.0,C2016080651-0,210-00,Single Family Detached,SINGLE FAMILY RESIDENTIAL,Single-family,unit,8863.477,10433.389475438586,8581.43,1569.9124754385848,1851.9594754385853,2016
3239,4,Out,Collected,0.0,C2016084309-0,210-00,Single Family Detached,SINGLE FAMILY RESIDENTIAL,Single-family,unit,8863.477,10433.389475438586,8581.43,1569.9124754385848,1851.9594754385853,2016
3240,4,Out,Collected,0.0,C2016084313-0,210-00,Single Family Detached,SINGLE FAMILY RESIDENTIAL,Single-family,unit,8863.477,10433.389475438586,8581.43,1569.9124754385848,1851.9594754385853,2016
3241,4,Out,Collected,0.0,C2016086033-0,210-00,Single Family Detached,SINGLE FAMILY RESIDENTIAL,Single-family,unit,8863.477,10433.389475438586,8581.43,1569.9124754385848,1851.9594754385853,2016
3242,4,Out,Collected,0.0,C2016086112-0,210-00,Single Family Detached,SINGLE FAMILY RESIDENTIAL,Single-family,unit,8863.477,10433.389475438586,8581.43,1569.9124754385848,1851.9594754385853,2016
3243,4,Out,Collected,0.0,C2016089843-0,630-00,Clinic,PROFESSIONAL BUILDING,Office,sq. ft.,172101.67060800001,94191.83217659204,166625.1936360378,-77909.83843140797,-72433.36145944575,2016
3244,4,Out,Collected,0.0,C2016089843-0,710-00,"General Office Building [1-50,000]","OFFICE, ONE STORY",Office,sq. ft.,33736.759616,37738.843004869064,32663.21636396221,4002.0833888690613,5075.626640906856,2016
3245,4,Out,Collected,0.0,C2016091466-0,210-00,Single Family Detached,SINGLE FAMILY RESIDENTIAL,Single-family,unit,8863.477,10433.389475438586,8581.43,1569.9124754385848,1851.9594754385853,2016
3246,4,Out,Collected,0.0,C2016091479-0,210-00,Single Family Detached,SINGLE FAMILY RESIDENTIAL,Single-family,unit,8863.477,10433.389475438586,8581.43,1569.9124754385848,1851.9594754385853,2016
3247,4,Out,Collected,0.0,C2016091496-0,210-00,Single Family Detached,SINGLE FAMILY RESIDENTIAL,Single-family,unit,8863.477,10433.389475438586,8581.43,1569.9124754385848,1851.9594754385853,2016
3248,4,Out,Collected,0.0,C2016091518-0,210-00,Single Family Detached,SINGLE FAMILY RESIDENTIAL,Single-family,unit,8863.477,10433.389475438586,8581.43,1569.9124754385848,1851.9594754385853,2016
3249,4,Out,Collected,0.0,C2016091540-0,210-00,Single Family Detached,SINGLE FAMILY RESIDENTIAL,Single-family,unit,8863.477,10433.389475438586,8581.43,1569.9124754385848,1851.9594754385853,2016
3250,4,Out,Collected,0.0,C2016093319-0,231-00,Duplex,MULTI-FAMILY LESS THAN 10,Multifamily,unit,38904.18,38019.978596937224,52538.200000000004,-884.2014030627761,-14518.22140306278,2016
3251,4,Out,Collected,0.0,C2016093364-0,231-00,Duplex,MULTI-FAMILY LESS THAN 10,Multifamily,unit,27232.926,26613.985017856055,36776.74,-618.940982143944,-10162.754982143942,2016
3252,4,Out,Collected,0.0,C2016094148-0,210-00,Single Family Detached,SINGLE FAMILY RESIDENTIAL,Single-family,unit,8863.477,10433.389475438586,8581.43,1569.9124754385848,1851.9594754385853,2016
3253,4,Out,Collected,0.0,C2016103785-0,210-00,Single Family Detached,SINGLE FAMILY RESIDENTIAL,Single-family,unit,8863.477,10433.389475438586,8581.43,1569.9124754385848,1851.9594754385853,2016
3254,4,Out,Collected,0.0,C2016105332-0,210-00,Single Family Detached,SINGLE FAMILY RESIDENTIAL,Single-family,unit,8863.477,10433.389475438586,8581.43,1569.9124754385848,1851.9594754385853,2016
3255,4,Out,Collected,0.0,C2016105348-0,210-00,Single Family Detached,SINGLE FAMILY RESIDENTIAL,Single-family,unit,8863.477,10433.389475438586,8581.43,1569.9124754385848,1851.9594754385853,2016
3256,4,Out,Collected,0.0,C2016105364-0,210-00,Single Family Detached,SINGLE FAMILY RESIDENTIAL,Single-family,unit,8863.477,10433.389475438586,8581.43,1569.9124754385848,1851.9594754385853,2016
3257,4,Out,Collected,0.0,C2016105382-0,210-00,Single Family Detached,SINGLE FAMILY RESIDENTIAL,Single-family,unit,8863.477,10433.389475438586,8581.43,1569.9124754385848,1851.9594754385853,2016
3258,4,Out,Collected,0.0,C2016105396-0,210-00,Single Family Detached,SINGLE FAMILY RESIDENTIAL,Single-family,unit,8863.477,10433.389475438586,8581.43,1569.9124754385848,1851.9594754385853,2016
3259,4,Out,Collected,0.0,C2016106852-0,210-00,Single Family Detached,SINGLE FAMILY RESIDENTIAL,Single-family,unit,8863.477,10433.389475438586,8581.43,1569.9124754385848,1851.9594754385853,2016
3260,4,Out,Collected,0.0,C2016107919-0,210-00,Single Family Detached,SINGLE FAMILY RESIDENTIAL,Single-family,unit,8863.477,10433.389475438586,8581.43,1569.9124754385848,1851.9594754385853,2016
3261,4,Out,Collected,0.0,C2016107938-0,210-00,Single Family Detached,SINGLE FAMILY RESIDENTIAL,Single-family,unit,8863.477,10433.389475438586,8581.43,1569.9124754385848,1851.9594754385853,2016
3262,4,Out,Collected,0.0,C2016107956-0,210-00,Single Family Detached,SINGLE FAMILY RESIDENTIAL,Single-family,unit,8863.477,10433.389475438586,8581.43,1569.9124754385848,1851.9594754385853,2016
3263,4,Out,Collected,0.0,C2016107971-0,210-00,Single Family Detached,SINGLE FAMILY RESIDENTIAL,Single-family,unit,8863.477,10433.389475438586,8581.43,1569.9124754385848,1851.9594754385853,2016
3264,4,Out,Collected,0.0,C2016108429-0,231-00,Duplex,MULTI-FAMILY LESS THAN 10,Multifamily,unit,42794.598,41821.976456630946,57792.02,-972.6215433690522,-15970.04354336905,2016
3265,4,Out,Collected,0.0,C2016108454-0,210-00,Single Family Detached,SINGLE FAMILY RESIDENTIAL,Single-family,unit,0.0,0.0,0.0,0.0,0.0,2016
3266,4,Out,Collected,0.0,C2016108746-0,210-00,Single Family Detached,SINGLE FAMILY RESIDENTIAL,Single-family,unit,8863.477,10433.389475438586,8581.43,1569.9124754385848,1851.9594754385853,2016
3267,4,Out,Collected,0.0,C2016108773-0,210-00,Single Family Detached,SINGLE FAMILY RESIDENTIAL,Single-family,unit,8863.477,10433.389475438586,8581.43,1569.9124754385848,1851.9594754385853,2016
3268,4,Out,Collected,0.0,C2016108985-0,220-00,Apartment (Rentals),MULTI-FAMILY 10 OR MORE,Multifamily,unit,224066.80800000002,291250.71976351447,216936.72,67183.91176351445,74313.99976351447,2016
3269,4,Out,Collected,0.0,C2016108988-0,220-00,Apartment (Rentals),MULTI-FAMILY 10 OR MORE,Multifamily,unit,224066.80800000002,291250.71976351447,216936.72,67183.91176351445,74313.99976351447,2016
3270,4,Out,Collected,0.0,C2016109194-0,220-00,Apartment (Rentals),MULTI-FAMILY 10 OR MORE,Multifamily,unit,149377.872,194167.14650900965,144624.47999999998,44789.27450900964,49542.666509009665,2016
3271,4,Out,Collected,0.0,C2016109196-0,220-00,Apartment (Rentals),MULTI-FAMILY 10 OR MORE,Multifamily,unit,149377.872,194167.14650900965,144624.47999999998,44789.27450900964,49542.666509009665,2016
3272,4,Out,Collected,0.0,C2016109730-0,210-00,Single Family Detached,SINGLE FAMILY RESIDENTIAL,Single-family,unit,8863.477,10433.389475438586,8581.43,1569.9124754385848,1851.9594754385853,2016
3273,4,Out,Collected,0.0,C2016110084-0,210-00,Single Family Detached,SINGLE FAMILY RESIDENTIAL,Single-family,unit,8863.477,10433.389475438586,8581.43,1569.9124754385848,1851.9594754385853,2016
3274,4,Out,Collected,0.0,C2016110664-0,231-00,Duplex,MULTI-FAMILY LESS THAN 10,Multifamily,unit,42794.598,41821.976456630946,57792.02,-972.6215433690522,-15970.04354336905,2016
3275,4,Out,Collected,0.0,C2016111624-0,231-00,Duplex,MULTI-FAMILY LESS THAN 10,Multifamily,unit,31123.344,30415.982877549777,42030.56,-707.3611224502238,-11614.57712245022,2016
3276,4,Out,Collected,0.0,C2016112750-0,210-00,Single Family Detached,SINGLE FAMILY RESIDENTIAL,Single-family,unit,8863.477,10433.389475438586,8581.43,1569.9124754385848,1851.9594754385853,2016
3277,4,Out,Collected,0.0,C2016112752-0,210-00,Single Family Detached,SINGLE FAMILY RESIDENTIAL,Single-family,unit,8863.477,10433.389475438586,8581.43,1569.9124754385848,1851.9594754385853,2016
3278,4,Out,Collected,0.0,C2016112753-0,210-00,Single Family Detached,SINGLE FAMILY RESIDENTIAL,Single-family,unit,8863.477,10433.389475438586,8581.43,1569.9124754385848,1851.9594754385853,2016
3279,4,Out,Collected,0.0,C2016112755-0,210-00,Single Family Detached,SINGLE FAMILY RESIDENTIAL,Single-family,unit,8863.477,10433.389475438586,8581.43,1569.9124754385848,1851.9594754385853,2016
3280,4,Out,Collected,0.0,C2016112756-0,210-00,Single Family Detached,SINGLE FAMILY RESIDENTIAL,Single-family,unit,8863.477,10433.389475438586,8581.43,1569.9124754385848,1851.9594754385853,2016
3281,4,Out,Collected,0.0,C2016112792-0,210-00,Single Family Detached,SINGLE FAMILY RESIDENTIAL,Single-family,unit,8863.477,10433.389475438586,8581.43,1569.9124754385848,1851.9594754385853,2016
3282,4,Out,Collected,0.0,C2016112795-0,210-00,Single Family Detached,SINGLE FAMILY RESIDENTIAL,Single-family,unit,8863.477,10433.389475438586,8581.43,1569.9124754385848,1851.9594754385853,2016
3283,4,Out,Collected,0.0,C2016112804-0,210-00,Single Family Detached,SINGLE FAMILY RESIDENTIAL,Single-family,unit,8863.477,10433.389475438586,8581.43,1569.9124754385848,1851.9594754385853,2016
3284,4,Out,Collected,0.0,C2016112808-0,210-00,Single Family Detached,SINGLE FAMILY RESIDENTIAL,Single-family,unit,8863.477,10433.389475438586,8581.43,1569.9124754385848,1851.9594754385853,2016
3285,4,Out,Collected,0.0,C2016112825-0,210-00,Single Family Detached,SINGLE FAMILY RESIDENTIAL,Single-family,unit,8863.477,10433.389475438586,8581.43,1569.9124754385848,1851.9594754385853,2016
3286,4,Out,Collected,0.0,C2016112830-0,210-00,Single Family Detached,SINGLE FAMILY RESIDENTIAL,Single-family,unit,8863.477,10433.389475438586,8581.43,1569.9124754385848,1851.9594754385853,2016
3287,4,Out,Collected,0.0,C2016112836-0,210-00,Single Family Detached,SINGLE FAMILY RESIDENTIAL,Single-family,unit,8863.477,10433.389475438586,8581.43,1569.9124754385848,1851.9594754385853,2016
3288,4,Out,Collected,0.0,C2016112844-0,210-00,Single Family Detached,SINGLE FAMILY RESIDENTIAL,Single-family,unit,8863.477,10433.389475438586,8581.43,1569.9124754385848,1851.9594754385853,2016
3289,4,Out,Collected,0.0,C2016112845-0,210-00,Single Family Detached,SINGLE FAMILY RESIDENTIAL,Single-family,unit,8863.477,10433.389475438586,8581.43,1569.9124754385848,1851.9594754385853,2016
3290,4,Out,Collected,0.0,C2016112849-0,210-00,Single Family Detached,SINGLE FAMILY RESIDENTIAL,Single-family,unit,8863.477,10433.389475438586,8581.43,1569.9124754385848,1851.9594754385853,2016
3291,4,Out,Collected,0.0,C2016112851-0,210-00,Single Family Detached,SINGLE FAMILY RESIDENTIAL,Single-family,unit,8863.477,10433.389475438586,8581.43,1569.9124754385848,1851.9594754385853,2016
3292,4,Out,Collected,0.0,C2016112871-0,210-00,Single Family Detached,SINGLE FAMILY RESIDENTIAL,Single-family,unit,8863.477,10433.389475438586,8581.43,1569.9124754385848,1851.9594754385853,2016
3293,4,Out,Collected,0.0,C2016112875-0,210-00,Single Family Detached,SINGLE FAMILY RESIDENTIAL,Single-family,unit,8863.477,10433.389475438586,8581.43,1569.9124754385848,1851.9594754385853,2016
3294,4,Out,Collected,0.0,C2016112877-0,210-00,Single Family Detached,SINGLE FAMILY RESIDENTIAL,Single-family,unit,8863.477,10433.389475438586,8581.43,1569.9124754385848,1851.9594754385853,2016
3295,4,Out,Collected,0.0,C2016112879-0,210-00,Single Family Detached,SINGLE FAMILY RESIDENTIAL,Single-family,unit,8863.477,10433.389475438586,8581.43,1569.9124754385848,1851.9594754385853,2016
3296,4,Out,Collected,0.0,C2016112881-0,210-00,Single Family Detached,SINGLE FAMILY RESIDENTIAL,Single-family,unit,8863.477,10433.389475438586,8581.43,1569.9124754385848,1851.9594754385853,2016
3297,4,Out,Collected,0.0,C2016112887-0,210-00,Single Family Detached,SINGLE FAMILY RESIDENTIAL,Single-family,unit,8863.477,10433.389475438586,8581.43,1569.9124754385848,1851.9594754385853,2016
3298,4,Out,Collected,0.0,C2016112889-0,210-00,Single Family Detached,SINGLE FAMILY RESIDENTIAL,Single-family,unit,8863.477,10433.389475438586,8581.43,1569.9124754385848,1851.9594754385853,2016
3299,4,Out,Collected,0.0,C2016112891-0,210-00,Single Family Detached,SINGLE FAMILY RESIDENTIAL,Single-family,unit,8863.477,10433.389475438586,8581.43,1569.9124754385848,1851.9594754385853,2016
3300,4,Out,Collected,0.0,C2016112893-0,210-00,Single Family Detached,SINGLE FAMILY RESIDENTIAL,Single-family,unit,8863.477,10433.389475438586,8581.43,1569.9124754385848,1851.9594754385853,2016
3301,4,Out,Collected,0.0,C2016113217-0,210-00,Single Family Detached,SINGLE FAMILY RESIDENTIAL,Single-family,unit,8863.477,10433.389475438586,8581.43,1569.9124754385848,1851.9594754385853,2016
3302,4,Out,Collected,0.0,C2016115137-0,210-00,Single Family Detached,SINGLE FAMILY RESIDENTIAL,Single-family,unit,8863.477,10433.389475438586,8581.43,1569.9124754385848,1851.9594754385853,2016
3303,4,Out,Collected,0.0,C2016115138-0,210-00,Single Family Detached,SINGLE FAMILY RESIDENTIAL,Single-family,unit,8863.477,10433.389475438586,8581.43,1569.9124754385848,1851.9594754385853,2016
3304,4,Out,Collected,0.0,C2016115143-0,210-00,Single Family Detached,SINGLE FAMILY RESIDENTIAL,Single-family,unit,8863.477,10433.389475438586,8581.43,1569.9124754385848,1851.9594754385853,2016
3305,4,Out,Collected,0.0,C2016115146-0,210-00,Single Family Detached,SINGLE FAMILY RESIDENTIAL,Single-family,unit,8863.477,10433.389475438586,8581.43,1569.9124754385848,1851.9594754385853,2016
3306,4,Out,Collected,0.0,C2016115148-0,210-00,Single Family Detached,SINGLE FAMILY RESIDENTIAL,Single-family,unit,8863.477,10433.389475438586,8581.43,1569.9124754385848,1851.9594754385853,2016
3307,4,Out,Collected,0.0,C2016115710-0,210-00,Single Family Detached,SINGLE FAMILY RESIDENTIAL,Single-family,unit,8863.477,10433.389475438586,8581.43,1569.9124754385848,1851.9594754385853,2016
3308,4,Out,Collected,0.0,C2016115711-0,210-00,Single Family Detached,SINGLE FAMILY RESIDENTIAL,Single-family,unit,8863.477,10433.389475438586,8581.43,1569.9124754385848,1851.9594754385853,2016
3309,4,Out,Collected,0.0,C2016115715-0,210-00,Single Family Detached,SINGLE FAMILY RESIDENTIAL,Single-family,unit,8863.477,10433.389475438586,8581.43,1569.9124754385848,1851.9594754385853,2016
3310,4,Out,Collected,0.0,C2016115720-0,210-00,Single Family Detached,SINGLE FAMILY RESIDENTIAL,Single-family,unit,8863.477,10433.389475438586,8581.43,1569.9124754385848,1851.9594754385853,2016
3311,4,Out,Collected,0.0,C2016115722-0,210-00,Single Family Detached,SINGLE FAMILY RESIDENTIAL,Single-family,unit,8863.477,10433.389475438586,8581.43,1569.9124754385848,1851.9594754385853,2016
3312,4,Out,Collected,0.0,C2016115723-0,210-00,Single Family Detached,SINGLE FAMILY RESIDENTIAL,Single-family,unit,8863.477,10433.389475438586,8581.43,1569.9124754385848,1851.9594754385853,2016
3313,4,Out,Collected,0.0,C2016115742-0,210-00,Single Family Detached,SINGLE FAMILY RESIDENTIAL,Single-family,unit,8863.477,10433.389475438586,8581.43,1569.9124754385848,1851.9594754385853,2016
3314,4,Out,Collected,0.0,C2016115748-0,210-00,Single Family Detached,SINGLE FAMILY RESIDENTIAL,Single-family,unit,8863.477,10433.389475438586,8581.43,1569.9124754385848,1851.9594754385853,2016
3315,4,Out,Collected,0.0,C2016115807-0,210-00,Single Family Detached,SINGLE FAMILY RESIDENTIAL,Single-family,unit,8863.477,10433.389475438586,8581.43,1569.9124754385848,1851.9594754385853,2016
3316,4,Out,Collected,0.0,C2016116422-0,210-00,Single Family Detached,SINGLE FAMILY RESIDENTIAL,Single-family,unit,7090.7816,8346.711580350868,6865.140000000001,1255.9299803508675,1481.5715803508665,2016
3317,4,Out,Collected,0.0,C2016117641-0,210-00,Single Family Detached,SINGLE FAMILY RESIDENTIAL,Single-family,unit,8863.477,10433.389475438586,8581.43,1569.9124754385848,1851.9594754385853,2016
3318,4,Out,Collected,0.0,C2016117645-0,210-00,Single Family Detached,SINGLE FAMILY RESIDENTIAL,Single-family,unit,8863.477,10433.389475438586,8581.43,1569.9124754385848,1851.9594754385853,2016
3319,4,Out,Collected,0.0,C2016117646-0,210-00,Single Family Detached,SINGLE FAMILY RESIDENTIAL,Single-family,unit,8863.477,10433.389475438586,8581.43,1569.9124754385848,1851.9594754385853,2016
3320,4,Out,Collected,0.0,C2016117647-0,210-00,Single Family Detached,SINGLE FAMILY RESIDENTIAL,Single-family,unit,8863.477,10433.389475438586,8581.43,1569.9124754385848,1851.9594754385853,2016
3321,4,Out,Collected,0.0,C2016117649-0,210-00,Single Family Detached,SINGLE FAMILY RESIDENTIAL,Single-family,unit,8863.477,10433.389475438586,8581.43,1569.9124754385848,1851.9594754385853,2016
3322,4,Out,Collected,0.0,C2016117651-0,210-00,Single Family Detached,SINGLE FAMILY RESIDENTIAL,Single-family,unit,8863.477,10433.389475438586,8581.43,1569.9124754385848,1851.9594754385853,2016
3323,4,Out,Collected,0.0,C2016117652-0,210-00,Single Family Detached,SINGLE FAMILY RESIDENTIAL,Single-family,unit,8863.477,10433.389475438586,8581.43,1569.9124754385848,1851.9594754385853,2016
3324,4,Out,Collected,0.0,C2016117857-0,210-00,Single Family Detached,SINGLE FAMILY RESIDENTIAL,Single-family,unit,8863.477,10433.389475438586,8581.43,1569.9124754385848,1851.9594754385853,2016
3325,4,Out,Collected,0.0,C2016117944-0,210-00,Single Family Detached,SINGLE FAMILY RESIDENTIAL,Single-family,unit,8863.477,10433.389475438586,8581.43,1569.9124754385848,1851.9594754385853,2016
3326,4,Out,Collected,0.0,C2016117948-0,210-00,Single Family Detached,SINGLE FAMILY RESIDENTIAL,Single-family,unit,8863.477,10433.389475438586,8581.43,1569.9124754385848,1851.9594754385853,2016
3327,4,Out,Collected,0.0,C2016117949-0,210-00,Single Family Detached,SINGLE FAMILY RESIDENTIAL,Single-family,unit,8863.477,10433.389475438586,8581.43,1569.9124754385848,1851.9594754385853,2016
3328,4,Out,Collected,0.0,C2016118004-0,210-00,Single Family Detached,SINGLE FAMILY RESIDENTIAL,Single-family,unit,8863.477,10433.389475438586,8581.43,1569.9124754385848,1851.9594754385853,2016
3329,4,Out,Collected,0.0,C2016118005-0,210-00,Single Family Detached,SINGLE FAMILY RESIDENTIAL,Single-family,unit,8863.477,10433.389475438586,8581.43,1569.9124754385848,1851.9594754385853,2016
3330,4,Out,Collected,0.0,C2016118009-0,210-00,Single Family Detached,SINGLE FAMILY RESIDENTIAL,Single-family,unit,8863.477,10433.389475438586,8581.43,1569.9124754385848,1851.9594754385853,2016
3331,4,Out,Collected,0.0,C2016118020-0,210-00,Single Family Detached,SINGLE FAMILY RESIDENTIAL,Single-family,unit,8863.477,10433.389475438586,8581.43,1569.9124754385848,1851.9594754385853,2016
3332,4,Out,Collected,0.0,C2016118021-0,210-00,Single Family Detached,SINGLE FAMILY RESIDENTIAL,Single-family,unit,8863.477,10433.389475438586,8581.43,1569.9124754385848,1851.9594754385853,2016
3333,4,Out,Collected,0.0,C2016118052-0,210-00,Single Family Detached,SINGLE FAMILY RESIDENTIAL,Single-family,unit,8863.477,10433.389475438586,8581.43,1569.9124754385848,1851.9594754385853,2016
3334,4,Out,Collected,0.0,C2016118055-0,210-00,Single Family Detached,SINGLE FAMILY RESIDENTIAL,Single-family,unit,8863.477,10433.389475438586,8581.43,1569.9124754385848,1851.9594754385853,2016
3335,4,Out,Collected,0.0,C2016118057-0,210-00,Single Family Detached,SINGLE FAMILY RESIDENTIAL,Single-family,unit,8863.477,10433.389475438586,8581.43,1569.9124754385848,1851.9594754385853,2016
3336,4,Out,Collected,0.0,C2016118059-0,210-00,Single Family Detached,SINGLE FAMILY RESIDENTIAL,Single-family,unit,8863.477,10433.389475438586,8581.43,1569.9124754385848,1851.9594754385853,2016
3337,4,Out,Collected,0.0,C2016118064-0,210-00,Single Family Detached,SINGLE FAMILY RESIDENTIAL,Single-family,unit,8863.477,10433.389475438586,8581.43,1569.9124754385848,1851.9594754385853,2016
3338,4,Out,Collected,0.0,C2016118070-0,210-00,Single Family Detached,SINGLE FAMILY RESIDENTIAL,Single-family,unit,8863.477,10433.389475438586,8581.43,1569.9124754385848,1851.9594754385853,2016
3339,4,Out,Collected,0.0,C2016118086-0,210-00,Single Family Detached,SINGLE FAMILY RESIDENTIAL,Single-family,unit,8863.477,10433.389475438586,8581.43,1569.9124754385848,1851.9594754385853,2016
3340,4,Out,Collected,0.0,C2016118099-0,210-00,Single Family Detached,SINGLE FAMILY RESIDENTIAL,Single-family,unit,8863.477,10433.389475438586,8581.43,1569.9124754385848,1851.9594754385853,2016
3341,4,Out,Collected,0.0,C2016118103-0,210-00,Single Family Detached,SINGLE FAMILY RESIDENTIAL,Single-family,unit,8863.477,10433.389475438586,8581.43,1569.9124754385848,1851.9594754385853,2016
3342,4,Out,Collected,0.0,C2016118105-0,210-00,Single Family Detached,SINGLE FAMILY RESIDENTIAL,Single-family,unit,8863.477,10433.389475438586,8581.43,1569.9124754385848,1851.9594754385853,2016
3343,4,Out,Collected,0.0,C2016118122-0,210-00,Single Family Detached,SINGLE FAMILY RESIDENTIAL,Single-family,unit,8863.477,10433.389475438586,8581.43,1569.9124754385848,1851.9594754385853,2016
3344,4,Out,Collected,0.0,C2016118124-0,210-00,Single Family Detached,SINGLE FAMILY RESIDENTIAL,Single-family,unit,8863.477,10433.389475438586,8581.43,1569.9124754385848,1851.9594754385853,2016
3345,4,Out,Collected,0.0,C2016118130-0,210-00,Single Family Detached,SINGLE FAMILY RESIDENTIAL,Single-family,unit,8863.477,10433.389475438586,8581.43,1569.9124754385848,1851.9594754385853,2016
3346,4,Out,Collected,0.0,C2016118132-0,210-00,Single Family Detached,SINGLE FAMILY RESIDENTIAL,Single-family,unit,8863.477,10433.389475438586,8581.43,1569.9124754385848,1851.9594754385853,2016
3347,4,Out,Collected,0.0,C2016118136-0,210-00,Single Family Detached,SINGLE FAMILY RESIDENTIAL,Single-family,unit,8863.477,10433.389475438586,8581.43,1569.9124754385848,1851.9594754385853,2016
3348,4,Out,Collected,0.0,C2016118139-0,210-00,Single Family Detached,SINGLE FAMILY RESIDENTIAL,Single-family,unit,8863.477,10433.389475438586,8581.43,1569.9124754385848,1851.9594754385853,2016
3349,4,Out,Collected,0.0,C2016118144-0,210-00,Single Family Detached,SINGLE FAMILY RESIDENTIAL,Single-family,unit,8863.477,10433.389475438586,8581.43,1569.9124754385848,1851.9594754385853,2016
3350,4,Out,Collected,0.0,C2016118145-0,210-00,Single Family Detached,SINGLE FAMILY RESIDENTIAL,Single-family,unit,8863.477,10433.389475438586,8581.43,1569.9124754385848,1851.9594754385853,2016
3351,4,Out,Collected,0.0,C2016118158-0,210-00,Single Family Detached,SINGLE FAMILY RESIDENTIAL,Single-family,unit,8863.477,10433.389475438586,8581.43,1569.9124754385848,1851.9594754385853,2016
3352,4,Out,Collected,0.0,C2016118161-0,210-00,Single Family Detached,SINGLE FAMILY RESIDENTIAL,Single-family,unit,8863.477,10433.389475438586,8581.43,1569.9124754385848,1851.9594754385853,2016
3353,4,Out,Collected,0.0,C2016118573-0,210-00,Single Family Detached,SINGLE FAMILY RESIDENTIAL,Single-family,unit,8863.477,10433.389475438586,8581.43,1569.9124754385848,1851.9594754385853,2016
3354,4,Out,Collected,0.0,C2016118575-0,210-00,Single Family Detached,SINGLE FAMILY RESIDENTIAL,Single-family,unit,8863.477,10433.389475438586,8581.43,1569.9124754385848,1851.9594754385853,2016
3355,4,Out,Collected,0.0,C2016119535-0,210-00,Single Family Detached,SINGLE FAMILY RESIDENTIAL,Single-family,unit,0.0,0.0,0.0,0.0,0.0,2016
3356,4,Out,Collected,0.0,C2016119536-0,210-00,Single Family Detached,SINGLE FAMILY RESIDENTIAL,Single-family,unit,0.0,0.0,0.0,0.0,0.0,2016
3357,4,Out,Collected,0.0,C2016119631-0,210-00,Single Family Detached,SINGLE FAMILY RESIDENTIAL,Single-family,unit,0.0,0.0,0.0,0.0,0.0,2016
3358,4,Out,Collected,0.0,C2016119632-0,210-00,Single Family Detached,SINGLE FAMILY RESIDENTIAL,Single-family,unit,0.0,0.0,0.0,0.0,0.0,2016
3359,4,Out,Collected,0.0,C2016121301-0,210-00,Single Family Detached,SINGLE FAMILY RESIDENTIAL,Single-family,unit,8863.477,10433.389475438586,8581.43,1569.9124754385848,1851.9594754385853,2016
3360,4,Out,Collected,0.0,C2016124900-0,210-00,Single Family Detached,SINGLE FAMILY RESIDENTIAL,Single-family,unit,8863.477,10433.389475438586,8581.43,1569.9124754385848,1851.9594754385853,2016
3361,4,Out,Collected,0.0,C2016124904-0,210-00,Single Family Detached,SINGLE FAMILY RESIDENTIAL,Single-family,unit,8863.477,10433.389475438586,8581.43,1569.9124754385848,1851.9594754385853,2016
3362,4,Out,Collected,0.0,C2016124909-0,210-00,Single Family Detached,SINGLE FAMILY RESIDENTIAL,Single-family,unit,8863.477,10433.389475438586,8581.43,1569.9124754385848,1851.9594754385853,2016
3363,4,Out,Collected,0.0,C2016124911-0,210-00,Single Family Detached,SINGLE FAMILY RESIDENTIAL,Single-family,unit,8863.477,10433.389475438586,8581.43,1569.9124754385848,1851.9594754385853,2016
3364,4,Out,Collected,0.0,C2016124921-0,210-00,Single Family Detached,SINGLE FAMILY RESIDENTIAL,Single-family,unit,8863.477,10433.389475438586,8581.43,1569.9124754385848,1851.9594754385853,2016
3365,4,Out,Collected,0.0,C2016124924-0,210-00,Single Family Detached,SINGLE FAMILY RESIDENTIAL,Single-family,unit,8863.477,10433.389475438586,8581.43,1569.9124754385848,1851.9594754385853,2016
3366,4,Out,Collected,0.0,C2016126117-0,210-00,Single Family Detached,SINGLE FAMILY RESIDENTIAL,Single-family,unit,8863.477,10433.389475438586,8581.43,1569.9124754385848,1851.9594754385853,2016
3367,4,Out,Collected,0.0,C2016127213-0,210-00,Single Family Detached,SINGLE FAMILY RESIDENTIAL,Single-family,unit,8863.477,10433.389475438586,8581.43,1569.9124754385848,1851.9594754385853,2016
3368,4,Out,Collected,0.0,C2016127238-0,210-00,Single Family Detached,SINGLE FAMILY RESIDENTIAL,Single-family,unit,8863.477,10433.389475438586,8581.43,1569.9124754385848,1851.9594754385853,2016
3369,4,Out,Collected,0.0,C2016127266-0,210-00,Single Family Detached,SINGLE FAMILY RESIDENTIAL,Single-family,unit,8863.477,10433.389475438586,8581.43,1569.9124754385848,1851.9594754385853,2016
3370,4,Out,Collected,0.0,C2016127274-0,210-00,Single Family Detached,SINGLE FAMILY RESIDENTIAL,Single-family,unit,8863.477,10433.389475438586,8581.43,1569.9124754385848,1851.9594754385853,2016
3371,4,Out,Collected,0.0,C2016132191-0,210-00,Single Family Detached,SINGLE FAMILY RESIDENTIAL,Single-family,unit,8863.477,10433.389475438586,8581.43,1569.9124754385848,1851.9594754385853,2016
3372,4,Out,Collected,0.0,C2016132198-0,210-00,Single Family Detached,SINGLE FAMILY RESIDENTIAL,Single-family,unit,8863.477,10433.389475438586,8581.43,1569.9124754385848,1851.9594754385853,2016
3373,4,Out,Collected,0.0,C2016138378-0,210-00,Single Family Detached,SINGLE FAMILY RESIDENTIAL,Single-family,unit,8863.477,10433.389475438586,168.26,1569.9124754385848,10265.129475438585,2016
3374,4,Out,Collected,0.0,C2016138390-0,210-00,Single Family Detached,SINGLE FAMILY RESIDENTIAL,Single-family,unit,8863.477,10433.389475438586,168.26,1569.9124754385848,10265.129475438585,2016
3375,4,Out,Collected,0.0,C2016139130-0,210-00,Single Family Detached,SINGLE FAMILY RESIDENTIAL,Single-family,unit,8863.477,10433.389475438586,8581.43,1569.9124754385848,1851.9594754385853,2016
3376,4,Out,Collected,0.0,C2016139208-0,210-00,Single Family Detached,SINGLE FAMILY RESIDENTIAL,Single-family,unit,8863.477,10433.389475438586,8581.43,1569.9124754385848,1851.9594754385853,2016
3377,4,Out,Collected,0.0,C2016139215-0,210-00,Single Family Detached,SINGLE FAMILY RESIDENTIAL,Single-family,unit,8863.477,10433.389475438586,8581.43,1569.9124754385848,1851.9594754385853,2016
3378,4,Out,Collected,0.0,C2016139220-0,210-00,Single Family Detached,SINGLE FAMILY RESIDENTIAL,Single-family,unit,8863.477,10433.389475438586,8581.43,1569.9124754385848,1851.9594754385853,2016
3379,4,Out,Collected,0.0,C2016139223-0,210-00,Single Family Detached,SINGLE FAMILY RESIDENTIAL,Single-family,unit,8863.477,10433.389475438586,8581.43,1569.9124754385848,1851.9594754385853,2016
3380,4,Out,Collected,0.0,C2016139224-0,210-00,Single Family Detached,SINGLE FAMILY RESIDENTIAL,Single-family,unit,8863.477,10433.389475438586,8581.43,1569.9124754385848,1851.9594754385853,2016
3381,4,Out,Collected,0.0,C2016139234-0,210-00,Single Family Detached,SINGLE FAMILY RESIDENTIAL,Single-family,unit,8863.477,10433.389475438586,8581.43,1569.9124754385848,1851.9594754385853,2016
3382,4,Out,Collected,0.0,C2016139238-0,210-00,Single Family Detached,SINGLE FAMILY RESIDENTIAL,Single-family,unit,8863.477,10433.389475438586,8581.43,1569.9124754385848,1851.9594754385853,2016
3383,4,Out,Collected,0.0,C2016139239-0,210-00,Single Family Detached,SINGLE FAMILY RESIDENTIAL,Single-family,unit,8863.477,10433.389475438586,8581.43,1569.9124754385848,1851.9594754385853,2016
3384,4,Out,Collected,0.0,C2016139242-0,210-00,Single Family Detached,SINGLE FAMILY RESIDENTIAL,Single-family,unit,8863.477,10433.389475438586,8581.43,1569.9124754385848,1851.9594754385853,2016
3385,4,Out,Collected,0.0,C2016147530-0,210-00,Single Family Detached,SINGLE FAMILY RESIDENTIAL,Single-family,unit,8863.477,10433.389475438586,8581.43,1569.9124754385848,1851.9594754385853,2016
3386,4,Out,Collected,0.0,C2016147548-0,210-00,Single Family Detached,SINGLE FAMILY RESIDENTIAL,Single-family,unit,8863.477,10433.389475438586,8581.43,1569.9124754385848,1851.9594754385853,2016
3387,4,Out,Collected,0.0,C2016147566-0,210-00,Single Family Detached,SINGLE FAMILY RESIDENTIAL,Single-family,unit,8863.477,10433.389475438586,8581.43,1569.9124754385848,1851.9594754385853,2016
3388,4,Out,Collected,0.0,C2016147571-0,210-00,Single Family Detached,SINGLE FAMILY RESIDENTIAL,Single-family,unit,8863.477,10433.389475438586,8581.43,1569.9124754385848,1851.9594754385853,2016
3389,4,Out,Collected,0.0,C2016147572-0,210-00,Single Family Detached,SINGLE FAMILY RESIDENTIAL,Single-family,unit,8863.477,10433.389475438586,8581.43,1569.9124754385848,1851.9594754385853,2016
3390,4,Out,Collected,0.0,C2016147576-0,210-00,Single Family Detached,SINGLE FAMILY RESIDENTIAL,Single-family,unit,8863.477,10433.389475438586,8581.43,1569.9124754385848,1851.9594754385853,2016
3391,4,Out,Collected,0.0,C2016147587-0,210-00,Single Family Detached,SINGLE FAMILY RESIDENTIAL,Single-family,unit,8863.477,10433.389475438586,8581.43,1569.9124754385848,1851.9594754385853,2016
3392,4,Out,Collected,0.0,C2016147591-0,210-00,Single Family Detached,SINGLE FAMILY RESIDENTIAL,Single-family,unit,8863.477,10433.389475438586,8581.43,1569.9124754385848,1851.9594754385853,2016
3393,4,Out,Collected,0.0,C2016147831-0,210-00,Single Family Detached,SINGLE FAMILY RESIDENTIAL,Single-family,unit,8863.477,10433.389475438586,8581.43,1569.9124754385848,1851.9594754385853,2016
3394,4,Out,Collected,0.0,C2016156237-0,210-00,Single Family Detached,SINGLE FAMILY RESIDENTIAL,Single-family,unit,8863.477,10433.389475438586,8581.43,1569.9124754385848,1851.9594754385853,2016
3395,4,Out,Collected,0.0,C2016156951-0,210-00,Single Family Detached,SINGLE FAMILY RESIDENTIAL,Single-family,unit,8863.477,10433.389475438586,8581.43,1569.9124754385848,1851.9594754385853,2016
3396,4,Out,Collected,0.0,C2016160197-0,210-00,Single Family Detached,SINGLE FAMILY RESIDENTIAL,Single-family,unit,8863.477,10433.389475438586,8581.43,1569.9124754385848,1851.9594754385853,2016
3397,4,Out,Collected,0.0,C2016160201-0,210-00,Single Family Detached,SINGLE FAMILY RESIDENTIAL,Single-family,unit,8863.477,10433.389475438586,8581.43,1569.9124754385848,1851.9594754385853,2016
3398,4,Out,Collected,0.0,C2016160205-0,210-00,Single Family Detached,SINGLE FAMILY RESIDENTIAL,Single-family,unit,8863.477,10433.389475438586,8581.43,1569.9124754385848,1851.9594754385853,2016
3399,4,Out,Collected,0.0,C2016160248-0,210-00,Single Family Detached,SINGLE FAMILY RESIDENTIAL,Single-family,unit,8863.477,10433.389475438586,8581.43,1569.9124754385848,1851.9594754385853,2016
3400,4,Out,Collected,0.0,C2016160258-0,210-00,Single Family Detached,SINGLE FAMILY RESIDENTIAL,Single-family,unit,8863.477,10433.389475438586,8581.43,1569.9124754385848,1851.9594754385853,2016
3401,4,Out,Collected,0.0,C2016162051-0,210-00,Single Family Detached,SINGLE FAMILY RESIDENTIAL,Single-family,unit,8863.477,10433.389475438586,8581.43,1569.9124754385848,1851.9594754385853,2016
3402,4,Out,Collected,0.0,C2016166458-0,210-00,Single Family Detached,SINGLE FAMILY RESIDENTIAL,Single-family,unit,8863.477,10433.389475438586,8581.43,1569.9124754385848,1851.9594754385853,2016
3403,4,Out,Collected,0.0,C2016167309-0,210-00,Single Family Detached,SINGLE FAMILY RESIDENTIAL,Single-family,unit,8863.477,10433.389475438586,8581.43,1569.9124754385848,1851.9594754385853,2016
3404,4,Out,Collected,0.0,C2016167317-0,210-00,Single Family Detached,SINGLE FAMILY RESIDENTIAL,Single-family,unit,8863.477,10433.389475438586,8581.43,1569.9124754385848,1851.9594754385853,2016
3405,4,Out,Collected,0.0,C2016167358-0,210-00,Single Family Detached,SINGLE FAMILY RESIDENTIAL,Single-family,unit,8863.477,10433.389475438586,8581.43,1569.9124754385848,1851.9594754385853,2016
3406,4,Out,Collected,0.0,C2016167364-0,210-00,Single Family Detached,SINGLE FAMILY RESIDENTIAL,Single-family,unit,8863.477,10433.389475438586,8581.43,1569.9124754385848,1851.9594754385853,2016
3407,4,Out,Collected,0.0,C2016167368-0,210-00,Single Family Detached,SINGLE FAMILY RESIDENTIAL,Single-family,unit,8863.477,10433.389475438586,8581.43,1569.9124754385848,1851.9594754385853,2016
3408,4,Out,Collected,0.0,C2016167372-0,210-00,Single Family Detached,SINGLE FAMILY RESIDENTIAL,Single-family,unit,8863.477,10433.389475438586,8581.43,1569.9124754385848,1851.9594754385853,2016
3409,4,Out,Collected,0.0,C2016168212-0,210-00,Single Family Detached,SINGLE FAMILY RESIDENTIAL,Single-family,unit,8863.477,10433.389475438586,8581.43,1569.9124754385848,1851.9594754385853,2016
3410,4,Out,Collected,0.0,C2016168225-0,210-00,Single Family Detached,SINGLE FAMILY RESIDENTIAL,Single-family,unit,8863.477,10433.389475438586,8581.43,1569.9124754385848,1851.9594754385853,2016
3411,4,Out,Collected,0.0,C2016168235-0,210-00,Single Family Detached,SINGLE FAMILY RESIDENTIAL,Single-family,unit,8863.477,10433.389475438586,8581.43,1569.9124754385848,1851.9594754385853,2016
3412,4,Out,Collected,0.0,C2016172128-0,210-00,Single Family Detached,SINGLE FAMILY RESIDENTIAL,Single-family,unit,8863.477,10433.389475438586,8581.43,1569.9124754385848,1851.9594754385853,2016
3413,4,Out,Collected,0.0,C2016174046-0,210-00,Single Family Detached,SINGLE FAMILY RESIDENTIAL,Single-family,unit,8863.477,10433.389475438586,8581.43,1569.9124754385848,1851.9594754385853,2016
3414,4,Out,Collected,0.0,C2016174052-0,210-00,Single Family Detached,SINGLE FAMILY RESIDENTIAL,Single-family,unit,8863.477,10433.389475438586,8581.43,1569.9124754385848,1851.9594754385853,2016
3415,4,Out,Collected,0.0,C2016174068-0,210-00,Single Family Detached,SINGLE FAMILY RESIDENTIAL,Single-family,unit,8863.477,10433.389475438586,8581.43,1569.9124754385848,1851.9594754385853,2016
3416,4,Out,Collected,0.0,C2016174071-0,210-00,Single Family Detached,SINGLE FAMILY RESIDENTIAL,Single-family,unit,8863.477,10433.389475438586,8581.43,1569.9124754385848,1851.9594754385853,2016
3417,4,Out,Collected,0.0,C2016174077-0,210-00,Single Family Detached,SINGLE FAMILY RESIDENTIAL,Single-family,unit,8863.477,10433.389475438586,8581.43,1569.9124754385848,1851.9594754385853,2016
3418,4,Out,Collected,0.0,C2016174084-0,210-00,Single Family Detached,SINGLE FAMILY RESIDENTIAL,Single-family,unit,8863.477,10433.389475438586,8581.43,1569.9124754385848,1851.9594754385853,2016
3419,4,Out,Collected,0.0,C2016174093-0,210-00,Single Family Detached,SINGLE FAMILY RESIDENTIAL,Single-family,unit,8863.477,10433.389475438586,8581.43,1569.9124754385848,1851.9594754385853,2016
3420,4,Out,Collected,0.0,C2016174096-0,210-00,Single Family Detached,SINGLE FAMILY RESIDENTIAL,Single-family,unit,8863.477,10433.389475438586,8581.43,1569.9124754385848,1851.9594754385853,2016
3421,4,Out,Collected,0.0,C2016174100-0,210-00,Single Family Detached,SINGLE FAMILY RESIDENTIAL,Single-family,unit,8863.477,10433.389475438586,8581.43,1569.9124754385848,1851.9594754385853,2016
3422,4,Out,Collected,0.0,C2016174101-0,210-00,Single Family Detached,SINGLE FAMILY RESIDENTIAL,Single-family,unit,8863.477,10433.389475438586,8581.43,1569.9124754385848,1851.9594754385853,2016
3423,4,Out,Collected,0.0,C2016174104-0,210-00,Single Family Detached,SINGLE FAMILY RESIDENTIAL,Single-family,unit,8863.477,10433.389475438586,8581.43,1569.9124754385848,1851.9594754385853,2016
3424,4,Out,Collected,0.0,C2016174108-0,210-00,Single Family Detached,SINGLE FAMILY RESIDENTIAL,Single-family,unit,8863.477,10433.389475438586,8581.43,1569.9124754385848,1851.9594754385853,2016
3425,4,Out,Collected,0.0,C2016174109-0,210-00,Single Family Detached,SINGLE FAMILY RESIDENTIAL,Single-family,unit,8863.477,10433.389475438586,8581.43,1569.9124754385848,1851.9594754385853,2016
3426,4,Out,Collected,0.0,C2016174110-0,210-00,Single Family Detached,SINGLE FAMILY RESIDENTIAL,Single-family,unit,8863.477,10433.389475438586,8581.43,1569.9124754385848,1851.9594754385853,2016
3427,4,Out,Collected,0.0,C2016174113-0,210-00,Single Family Detached,SINGLE FAMILY RESIDENTIAL,Single-family,unit,8863.477,10433.389475438586,8581.43,1569.9124754385848,1851.9594754385853,2016
3428,4,Out,Collected,0.0,C2016174116-0,210-00,Single Family Detached,SINGLE FAMILY RESIDENTIAL,Single-family,unit,8863.477,10433.389475438586,8581.43,1569.9124754385848,1851.9594754385853,2016
3429,4,Out,Collected,0.0,C2016174120-0,210-00,Single Family Detached,SINGLE FAMILY RESIDENTIAL,Single-family,unit,8863.477,10433.389475438586,8581.43,1569.9124754385848,1851.9594754385853,2016
3430,4,Out,Collected,0.0,C2016174398-0,210-00,Single Family Detached,SINGLE FAMILY RESIDENTIAL,Single-family,unit,8863.477,10433.389475438586,8581.43,1569.9124754385848,1851.9594754385853,2016
3431,4,Out,Collected,0.0,C2016174400-0,210-00,Single Family Detached,SINGLE FAMILY RESIDENTIAL,Single-family,unit,8863.477,10433.389475438586,8581.43,1569.9124754385848,1851.9594754385853,2016
3432,4,Out,Collected,0.0,C2016174610-0,210-00,Single Family Detached,SINGLE FAMILY RESIDENTIAL,Single-family,unit,0.0,0.0,0.0,0.0,0.0,2016
3433,4,Out,Collected,0.0,C2016174614-0,210-00,Single Family Detached,SINGLE FAMILY RESIDENTIAL,Single-family,unit,0.0,0.0,0.0,0.0,0.0,2016
3434,4,Out,Collected,0.0,C2016177480-0,210-00,Single Family Detached,SINGLE FAMILY RESIDENTIAL,Single-family,unit,8863.477,10433.389475438586,8581.43,1569.9124754385848,1851.9594754385853,2016
3435,4,Out,Collected,0.0,C2016177484-0,210-00,Single Family Detached,SINGLE FAMILY RESIDENTIAL,Single-family,unit,8863.477,10433.389475438586,8581.43,1569.9124754385848,1851.9594754385853,2016
3436,4,Out,Collected,0.0,C2016177485-0,210-00,Single Family Detached,SINGLE FAMILY RESIDENTIAL,Single-family,unit,8863.477,10433.389475438586,8581.43,1569.9124754385848,1851.9594754385853,2016
3437,4,Out,Collected,0.0,C2016177491-0,210-00,Single Family Detached,SINGLE FAMILY RESIDENTIAL,Single-family,unit,8863.477,10433.389475438586,8581.43,1569.9124754385848,1851.9594754385853,2016
3438,4,Out,Collected,0.0,C2016177492-0,210-00,Single Family Detached,SINGLE FAMILY RESIDENTIAL,Single-family,unit,8863.477,10433.389475438586,8581.43,1569.9124754385848,1851.9594754385853,2016
3439,4,Out,Collected,0.0,C2016177494-0,210-00,Single Family Detached,SINGLE FAMILY RESIDENTIAL,Single-family,unit,8863.477,10433.389475438586,8581.43,1569.9124754385848,1851.9594754385853,2016
3440,4,Out,Collected,0.0,C2016177497-0,210-00,Single Family Detached,SINGLE FAMILY RESIDENTIAL,Single-family,unit,8863.477,10433.389475438586,8581.43,1569.9124754385848,1851.9594754385853,2016
3441,4,Out,Collected,0.0,C2016177500-0,210-00,Single Family Detached,SINGLE FAMILY RESIDENTIAL,Single-family,unit,8863.477,10433.389475438586,8581.43,1569.9124754385848,1851.9594754385853,2016
3442,4,Out,Collected,0.0,C2016177506-0,210-00,Single Family Detached,SINGLE FAMILY RESIDENTIAL,Single-family,unit,8863.477,10433.389475438586,8581.43,1569.9124754385848,1851.9594754385853,2016
3443,4,Out,Collected,0.0,C2016177509-0,210-00,Single Family Detached,SINGLE FAMILY RESIDENTIAL,Single-family,unit,8863.477,10433.389475438586,8581.43,1569.9124754385848,1851.9594754385853,2016
3444,4,Out,Collected,0.0,C2016177510-0,210-00,Single Family Detached,SINGLE FAMILY RESIDENTIAL,Single-family,unit,8863.477,10433.389475438586,8581.43,1569.9124754385848,1851.9594754385853,2016
3445,4,Out,Collected,0.0,C2016177516-0,210-00,Single Family Detached,SINGLE FAMILY RESIDENTIAL,Single-family,unit,8863.477,10433.389475438586,8581.43,1569.9124754385848,1851.9594754385853,2016
3446,4,Out,Collected,0.0,C2016177520-0,210-00,Single Family Detached,SINGLE FAMILY RESIDENTIAL,Single-family,unit,8863.477,10433.389475438586,8581.43,1569.9124754385848,1851.9594754385853,2016
3447,4,Out,Collected,0.0,C2016177527-0,210-00,Single Family Detached,SINGLE FAMILY RESIDENTIAL,Single-family,unit,8863.477,10433.389475438586,8581.43,1569.9124754385848,1851.9594754385853,2016
3448,4,Out,Collected,0.0,C2016177530-0,210-00,Single Family Detached,SINGLE FAMILY RESIDENTIAL,Single-family,unit,8863.477,10433.389475438586,8581.43,1569.9124754385848,1851.9594754385853,2016
3449,4,Out,Collected,0.0,C2016177533-0,210-00,Single Family Detached,SINGLE FAMILY RESIDENTIAL,Single-family,unit,8863.477,10433.389475438586,8581.43,1569.9124754385848,1851.9594754385853,2016
3450,4,Out,Collected,0.0,C2016177539-0,210-00,Single Family Detached,SINGLE FAMILY RESIDENTIAL,Single-family,unit,8863.477,10433.389475438586,8581.43,1569.9124754385848,1851.9594754385853,2016
3451,4,Out,Collected,0.0,C2016177542-0,210-00,Single Family Detached,SINGLE FAMILY RESIDENTIAL,Single-family,unit,8863.477,10433.389475438586,8581.43,1569.9124754385848,1851.9594754385853,2016
3452,4,Out,Collected,0.0,C2016177548-0,210-00,Single Family Detached,SINGLE FAMILY RESIDENTIAL,Single-family,unit,8863.477,10433.389475438586,8581.43,1569.9124754385848,1851.9594754385853,2016
3453,4,Out,Collected,0.0,C2016177554-0,210-00,Single Family Detached,SINGLE FAMILY RESIDENTIAL,Single-family,unit,8863.477,10433.389475438586,8581.43,1569.9124754385848,1851.9594754385853,2016
3454,4,Out,Collected,0.0,C2016177564-0,210-00,Single Family Detached,SINGLE FAMILY RESIDENTIAL,Single-family,unit,8863.477,10433.389475438586,8581.43,1569.9124754385848,1851.9594754385853,2016
3455,4,Out,Collected,0.0,C2016180564-0,210-00,Single Family Detached,SINGLE FAMILY RESIDENTIAL,Single-family,unit,8863.477,10433.389475438586,8581.43,1569.9124754385848,1851.9594754385853,2016
3456,4,Out,Collected,0.0,C2016180573-0,210-00,Single Family Detached,SINGLE FAMILY RESIDENTIAL,Single-family,unit,8863.477,10433.389475438586,8581.43,1569.9124754385848,1851.9594754385853,2016
3457,4,Out,Collected,0.0,C2016180615-0,210-00,Single Family Detached,SINGLE FAMILY RESIDENTIAL,Single-family,unit,8863.477,10433.389475438586,8581.43,1569.9124754385848,1851.9594754385853,2016
3458,4,Out,Collected,0.0,C2016180616-0,210-00,Single Family Detached,SINGLE FAMILY RESIDENTIAL,Single-family,unit,8863.477,10433.389475438586,8581.43,1569.9124754385848,1851.9594754385853,2016
3459,4,Out,Collected,0.0,C2016181078-0,210-00,Single Family Detached,SINGLE FAMILY RESIDENTIAL,Single-family,unit,8863.477,10433.389475438586,8581.43,1569.9124754385848,1851.9594754385853,2016
3460,4,Out,Collected,0.0,C2016181081-0,210-00,Single Family Detached,SINGLE FAMILY RESIDENTIAL,Single-family,unit,8863.477,10433.389475438586,8581.43,1569.9124754385848,1851.9594754385853,2016
3461,4,Out,Collected,0.0,C2016181083-0,210-00,Single Family Detached,SINGLE FAMILY RESIDENTIAL,Single-family,unit,8863.477,10433.389475438586,8581.43,1569.9124754385848,1851.9594754385853,2016
3462,4,Out,Collected,0.0,C2016181089-0,210-00,Single Family Detached,SINGLE FAMILY RESIDENTIAL,Single-family,unit,8863.477,10433.389475438586,8581.43,1569.9124754385848,1851.9594754385853,2016
3463,4,Out,Collected,0.0,C2016181093-0,210-00,Single Family Detached,SINGLE FAMILY RESIDENTIAL,Single-family,unit,8863.477,10433.389475438586,8581.43,1569.9124754385848,1851.9594754385853,2016
3464,4,Out,Collected,0.0,C2016181126-0,210-00,Single Family Detached,SINGLE FAMILY RESIDENTIAL,Single-family,unit,8863.477,10433.389475438586,8581.43,1569.9124754385848,1851.9594754385853,2016
3465,4,Out,Collected,0.0,C2016181128-0,210-00,Single Family Detached,SINGLE FAMILY RESIDENTIAL,Single-family,unit,8863.477,10433.389475438586,8581.43,1569.9124754385848,1851.9594754385853,2016
3466,4,Out,Collected,0.0,C2016181131-0,210-00,Single Family Detached,SINGLE FAMILY RESIDENTIAL,Single-family,unit,8863.477,10433.389475438586,8581.43,1569.9124754385848,1851.9594754385853,2016
3467,4,Out,Collected,0.0,C2016181162-0,210-00,Single Family Detached,SINGLE FAMILY RESIDENTIAL,Single-family,unit,8863.477,10433.389475438586,8581.43,1569.9124754385848,1851.9594754385853,2016
3468,4,Out,Collected,0.0,C2016181165-0,210-00,Single Family Detached,SINGLE FAMILY RESIDENTIAL,Single-family,unit,8863.477,10433.389475438586,8581.43,1569.9124754385848,1851.9594754385853,2016
3469,4,Out,Collected,0.0,C2016181166-0,210-00,Single Family Detached,SINGLE FAMILY RESIDENTIAL,Single-family,unit,8863.477,10433.389475438586,8581.43,1569.9124754385848,1851.9594754385853,2016
3470,4,Out,Collected,0.0,C2016181168-0,210-00,Single Family Detached,SINGLE FAMILY RESIDENTIAL,Single-family,unit,8863.477,10433.389475438586,8581.43,1569.9124754385848,1851.9594754385853,2016
3471,4,Out,Collected,0.0,C2016181174-0,210-00,Single Family Detached,SINGLE FAMILY RESIDENTIAL,Single-family,unit,8863.477,10433.389475438586,8581.43,1569.9124754385848,1851.9594754385853,2016
3472,4,Out,Collected,0.0,C2016181179-0,210-00,Single Family Detached,SINGLE FAMILY RESIDENTIAL,Single-family,unit,8863.477,10433.389475438586,8581.43,1569.9124754385848,1851.9594754385853,2016
3473,4,Out,Collected,0.0,C2016181186-0,210-00,Single Family Detached,SINGLE FAMILY RESIDENTIAL,Single-family,unit,8863.477,10433.389475438586,8581.43,1569.9124754385848,1851.9594754385853,2016
3474,4,Out,Collected,0.0,C2016183242-0,210-00,Single Family Detached,SINGLE FAMILY RESIDENTIAL,Single-family,unit,0.0,0.0,0.0,0.0,0.0,2016
3475,4,Out,Collected,0.0,C2016183828-0,210-00,Single Family Detached,SINGLE FAMILY RESIDENTIAL,Single-family,unit,8863.477,10433.389475438586,8581.43,1569.9124754385848,1851.9594754385853,2016
3476,4,Out,Collected,0.0,C2016183831-0,210-00,Single Family Detached,SINGLE FAMILY RESIDENTIAL,Single-family,unit,8863.477,10433.389475438586,8582.35,1569.9124754385848,1851.0394754385852,2016
3477,4,Out,Collected,0.0,C2016183893-0,210-00,Single Family Detached,SINGLE FAMILY RESIDENTIAL,Single-family,unit,8863.477,10433.389475438586,8581.43,1569.9124754385848,1851.9594754385853,2016
3478,4,Out,Collected,0.0,C2016185349-0,210-00,Single Family Detached,SINGLE FAMILY RESIDENTIAL,Single-family,unit,8863.477,10433.389475438586,8581.43,1569.9124754385848,1851.9594754385853,2016
3479,4,Out,Collected,0.0,C2016185404-0,210-00,Single Family Detached,SINGLE FAMILY RESIDENTIAL,Single-family,unit,8863.477,10433.389475438586,8581.43,1569.9124754385848,1851.9594754385853,2016
3480,4,Out,Collected,0.0,C2016186378-0,210-00,Single Family Detached,SINGLE FAMILY RESIDENTIAL,Single-family,unit,8863.477,10433.389475438586,8581.43,1569.9124754385848,1851.9594754385853,2016
3481,4,Out,Collected,0.0,C2017001223-0,210-00,Single Family Detached,SINGLE FAMILY RESIDENTIAL,Single-family,unit,8863.477,10433.389475438586,8863.480000000001,1569.9124754385848,1569.9094754385842,2016
3482,4,Out,Collected,0.0,C2017004670-0,210-00,Single Family Detached,SINGLE FAMILY RESIDENTIAL,Single-family,unit,8863.477,10433.389475438586,8863.480000000001,1569.9124754385848,1569.9094754385842,2016
3483,4,Out,Collected,0.0,C2017004671-0,210-00,Single Family Detached,SINGLE FAMILY RESIDENTIAL,Single-family,unit,8863.477,10433.389475438586,8863.480000000001,1569.9124754385848,1569.9094754385842,2016
3484,4,Out,Collected,0.0,C2017004675-0,210-00,Single Family Detached,SINGLE FAMILY RESIDENTIAL,Single-family,unit,8863.477,10433.389475438586,8863.480000000001,1569.9124754385848,1569.9094754385842,2016
3485,4,Out,Collected,0.0,C2017005668-0,820-00,"Shopping Center/General Retail [1-10,000]","STORES, ONE STORY",Commercial/Retail,sq. ft.,126145.73282500001,137284.83989367547,126145.61,11139.107068675454,11139.229893675467,2016
3486,4,Out,Collected,0.0,C2017006435-0,210-00,Single Family Detached,SINGLE FAMILY RESIDENTIAL,Single-family,unit,8863.477,10433.389475438586,8863.480000000001,1569.9124754385848,1569.9094754385842,2016
3487,4,Out,Collected,0.0,C2017006437-0,210-00,Single Family Detached,SINGLE FAMILY RESIDENTIAL,Single-family,unit,8863.477,10433.389475438586,8863.480000000001,1569.9124754385848,1569.9094754385842,2016
3488,4,Out,Collected,0.0,C2017008834-0,210-00,Single Family Detached,SINGLE FAMILY RESIDENTIAL,Single-family,unit,8863.477,10433.389475438586,8863.480000000001,1569.9124754385848,1569.9094754385842,2016
3489,4,Out,Collected,0.0,C2017008982-0,210-00,Single Family Detached,SINGLE FAMILY RESIDENTIAL,Single-family,unit,8863.477,10433.389475438586,173.79,1569.9124754385848,10259.599475438585,2016
3490,4,Out,Collected,0.0,C2017011850-0,210-00,Single Family Detached,SINGLE FAMILY RESIDENTIAL,Single-family,unit,8863.477,10433.389475438586,8863.480000000001,1569.9124754385848,1569.9094754385842,2016
3491,4,Out,Collected,0.0,C2017011857-0,210-00,Single Family Detached,SINGLE FAMILY RESIDENTIAL,Single-family,unit,8863.477,10433.389475438586,8863.480000000001,1569.9124754385848,1569.9094754385842,2016
3492,4,Out,Collected,0.0,C2017013246-0,210-00,Single Family Detached,SINGLE FAMILY RESIDENTIAL,Single-family,unit,8863.477,10433.389475438586,8863.480000000001,1569.9124754385848,1569.9094754385842,2016
3493,4,Out,Collected,0.0,C2017013249-0,210-00,Single Family Detached,SINGLE FAMILY RESIDENTIAL,Single-family,unit,8863.477,10433.389475438586,8863.480000000001,1569.9124754385848,1569.9094754385842,2016
3494,4,Out,Collected,0.0,C2017013253-0,210-00,Single Family Detached,SINGLE FAMILY RESIDENTIAL,Single-family,unit,8863.477,10433.389475438586,8863.480000000001,1569.9124754385848,1569.9094754385842,2016
3495,4,Out,Collected,0.0,C2017013256-0,210-00,Single Family Detached,SINGLE FAMILY RESIDENTIAL,Single-family,unit,8863.477,10433.389475438586,8863.480000000001,1569.9124754385848,1569.9094754385842,2016
3496,4,Out,Collected,0.0,C2017020246-0,210-00,Single Family Detached,SINGLE FAMILY RESIDENTIAL,Single-family,unit,8863.477,10433.389475438586,8863.480000000001,1569.9124754385848,1569.9094754385842,2016
3497,4,Out,Collected,0.0,C2017022011-0,210-00,Single Family Detached,SINGLE FAMILY RESIDENTIAL,Single-family,unit,8863.477,10433.389475438586,8863.480000000001,1569.9124754385848,1569.9094754385842,2016
3498,4,Out,Collected,0.0,C2017022016-0,210-00,Single Family Detached,SINGLE FAMILY RESIDENTIAL,Single-family,unit,8863.477,10433.389475438586,8863.480000000001,1569.9124754385848,1569.9094754385842,2016
3499,4,Out,Collected,0.0,C2017022029-0,210-00,Single Family Detached,SINGLE FAMILY RESIDENTIAL,Single-family,unit,8863.477,10433.389475438586,8863.480000000001,1569.9124754385848,1569.9094754385842,2016
3500,4,Out,Collected,0.0,C2017022036-0,210-00,Single Family Detached,SINGLE FAMILY RESIDENTIAL,Single-family,unit,8863.477,10433.389475438586,8863.480000000001,1569.9124754385848,1569.9094754385842,2016
3501,4,Out,Collected,0.0,C2017022044-0,210-00,Single Family Detached,SINGLE FAMILY RESIDENTIAL,Single-family,unit,8863.477,10433.389475438586,8863.480000000001,1569.9124754385848,1569.9094754385842,2016
3502,4,Out,Collected,0.0,C2017022048-0,210-00,Single Family Detached,SINGLE FAMILY RESIDENTIAL,Single-family,unit,8863.477,10433.389475438586,8863.480000000001,1569.9124754385848,1569.9094754385842,2016
3503,4,Out,Collected,0.0,C2017022066-0,210-00,Single Family Detached,SINGLE FAMILY RESIDENTIAL,Single-family,unit,8863.477,10433.389475438586,8863.480000000001,1569.9124754385848,1569.9094754385842,2016
3504,4,Out,Collected,0.0,C2017022073-0,210-00,Single Family Detached,SINGLE FAMILY RESIDENTIAL,Single-family,unit,8863.477,10433.389475438586,8863.480000000001,1569.9124754385848,1569.9094754385842,2016
3505,4,Out,Collected,0.0,C2017022076-0,210-00,Single Family Detached,SINGLE FAMILY RESIDENTIAL,Single-family,unit,8863.477,10433.389475438586,8863.480000000001,1569.9124754385848,1569.9094754385842,2016
3506,4,Out,Collected,0.0,C2017022086-0,210-00,Single Family Detached,SINGLE FAMILY RESIDENTIAL,Single-family,unit,8863.477,10433.389475438586,8863.480000000001,1569.9124754385848,1569.9094754385842,2016
3507,4,Out,Collected,0.0,C2017022091-0,210-00,Single Family Detached,SINGLE FAMILY RESIDENTIAL,Single-family,unit,8863.477,10433.389475438586,8863.480000000001,1569.9124754385848,1569.9094754385842,2016
3508,4,Out,Collected,0.0,C2017022094-0,210-00,Single Family Detached,SINGLE FAMILY RESIDENTIAL,Single-family,unit,8863.477,10433.389475438586,8863.480000000001,1569.9124754385848,1569.9094754385842,2016
3509,4,Out,Collected,0.0,C2017022100-0,210-00,Single Family Detached,SINGLE FAMILY RESIDENTIAL,Single-family,unit,8863.477,10433.389475438586,8863.480000000001,1569.9124754385848,1569.9094754385842,2016
3510,4,Out,Collected,0.0,C2017022111-0,210-00,Single Family Detached,SINGLE FAMILY RESIDENTIAL,Single-family,unit,8863.477,10433.389475438586,8863.480000000001,1569.9124754385848,1569.9094754385842,2016
3511,4,Out,Collected,0.0,C2017022112-0,210-00,Single Family Detached,SINGLE FAMILY RESIDENTIAL,Single-family,unit,8863.477,10433.389475438586,8863.480000000001,1569.9124754385848,1569.9094754385842,2016
3512,4,Out,Collected,0.0,C2017023999-0,210-00,Single Family Detached,SINGLE FAMILY RESIDENTIAL,Single-family,unit,8863.477,10433.389475438586,8863.480000000001,1569.9124754385848,1569.9094754385842,2016
3513,4,Out,Collected,0.0,C2017028375-0,210-00,Single Family Detached,SINGLE FAMILY RESIDENTIAL,Single-family,unit,8863.477,10433.389475438586,8863.480000000001,1569.9124754385848,1569.9094754385842,2016
3514,4,Out,Collected,0.0,C2017028384-0,210-00,Single Family Detached,SINGLE FAMILY RESIDENTIAL,Single-family,unit,8863.477,10433.389475438586,8863.480000000001,1569.9124754385848,1569.9094754385842,2016
3515,4,Out,Collected,0.0,C2017028393-0,210-00,Single Family Detached,SINGLE FAMILY RESIDENTIAL,Single-family,unit,8863.477,10433.389475438586,8863.480000000001,1569.9124754385848,1569.9094754385842,2016
3516,4,Out,Collected,0.0,C2017028403-0,210-00,Single Family Detached,SINGLE FAMILY RESIDENTIAL,Single-family,unit,8863.477,10433.389475438586,8863.480000000001,1569.9124754385848,1569.9094754385842,2016
3517,4,Out,Collected,0.0,C2017028427-0,210-00,Single Family Detached,SINGLE FAMILY RESIDENTIAL,Single-family,unit,8863.477,10433.389475438586,8863.480000000001,1569.9124754385848,1569.9094754385842,2016
3518,4,Out,Collected,0.0,C2017028496-0,210-00,Single Family Detached,SINGLE FAMILY RESIDENTIAL,Single-family,unit,8863.477,10433.389475438586,8863.480000000001,1569.9124754385848,1569.9094754385842,2016
3519,4,Out,Collected,0.0,C2017028524-0,210-00,Single Family Detached,SINGLE FAMILY RESIDENTIAL,Single-family,unit,8863.477,10433.389475438586,8863.480000000001,1569.9124754385848,1569.9094754385842,2016
3520,4,Out,Collected,0.0,C2017028548-0,210-00,Single Family Detached,SINGLE FAMILY RESIDENTIAL,Single-family,unit,8863.477,10433.389475438586,8863.480000000001,1569.9124754385848,1569.9094754385842,2016
3521,4,Out,Collected,0.0,C2017028551-0,210-00,Single Family Detached,SINGLE FAMILY RESIDENTIAL,Single-family,unit,8863.477,10433.389475438586,8863.480000000001,1569.9124754385848,1569.9094754385842,2016
3522,4,Out,Collected,0.0,C2017029239-0,210-00,Single Family Detached,SINGLE FAMILY RESIDENTIAL,Single-family,unit,8863.477,10433.389475438586,8863.480000000001,1569.9124754385848,1569.9094754385842,2016
3523,4,Out,Collected,0.0,C2017029240-0,210-00,Single Family Detached,SINGLE FAMILY RESIDENTIAL,Single-family,unit,8863.477,10433.389475438586,8863.480000000001,1569.9124754385848,1569.9094754385842,2016
3524,4,Out,Collected,0.0,C2017029242-0,210-00,Single Family Detached,SINGLE FAMILY RESIDENTIAL,Single-family,unit,8863.477,10433.389475438586,8863.480000000001,1569.9124754385848,1569.9094754385842,2016
3525,4,Out,Collected,0.0,C2017029243-0,210-00,Single Family Detached,SINGLE FAMILY RESIDENTIAL,Single-family,unit,8863.477,10433.389475438586,8863.480000000001,1569.9124754385848,1569.9094754385842,2016
3526,4,Out,Collected,0.0,C2017029245-0,210-00,Single Family Detached,SINGLE FAMILY RESIDENTIAL,Single-family,unit,8863.477,10433.389475438586,8863.480000000001,1569.9124754385848,1569.9094754385842,2016
3527,4,Out,Collected,0.0,C2017029246-0,210-00,Single Family Detached,SINGLE FAMILY RESIDENTIAL,Single-family,unit,8863.477,10433.389475438586,8863.480000000001,1569.9124754385848,1569.9094754385842,2016
3528,4,Out,Collected,0.0,C2017029247-0,210-00,Single Family Detached,SINGLE FAMILY RESIDENTIAL,Single-family,unit,8863.477,10433.389475438586,8863.480000000001,1569.9124754385848,1569.9094754385842,2016
3529,4,Out,Collected,0.0,C2017029250-0,210-00,Single Family Detached,SINGLE FAMILY RESIDENTIAL,Single-family,unit,8863.477,10433.389475438586,8863.480000000001,1569.9124754385848,1569.9094754385842,2016
3530,4,Out,Collected,0.0,C2017029251-0,210-00,Single Family Detached,SINGLE FAMILY RESIDENTIAL,Single-family,unit,8863.477,10433.389475438586,8863.480000000001,1569.9124754385848,1569.9094754385842,2016
3531,4,Out,Collected,0.0,C2017029252-0,210-00,Single Family Detached,SINGLE FAMILY RESIDENTIAL,Single-family,unit,8863.477,10433.389475438586,8863.480000000001,1569.9124754385848,1569.9094754385842,2016
3532,4,Out,Collected,0.0,C2017029253-0,210-00,Single Family Detached,SINGLE FAMILY RESIDENTIAL,Single-family,unit,8863.477,10433.389475438586,8863.480000000001,1569.9124754385848,1569.9094754385842,2016
3533,4,Out,Collected,0.0,C2017029254-0,210-00,Single Family Detached,SINGLE FAMILY RESIDENTIAL,Single-family,unit,8863.477,10433.389475438586,8863.480000000001,1569.9124754385848,1569.9094754385842,2016
3534,4,Out,Collected,0.0,C2017029255-0,210-00,Single Family Detached,SINGLE FAMILY RESIDENTIAL,Single-family,unit,8863.477,10433.389475438586,8863.480000000001,1569.9124754385848,1569.9094754385842,2016
3535,4,Out,Collected,0.0,C2017029256-0,210-00,Single Family Detached,SINGLE FAMILY RESIDENTIAL,Single-family,unit,8863.477,10433.389475438586,8863.480000000001,1569.9124754385848,1569.9094754385842,2016
3536,4,Out,Collected,0.0,C2017029257-0,210-00,Single Family Detached,SINGLE FAMILY RESIDENTIAL,Single-family,unit,8863.477,10433.389475438586,8863.480000000001,1569.9124754385848,1569.9094754385842,2016
3537,4,Out,Collected,0.0,C2017029258-0,210-00,Single Family Detached,SINGLE FAMILY RESIDENTIAL,Single-family,unit,8863.477,10433.389475438586,8863.480000000001,1569.9124754385848,1569.9094754385842,2016
3538,4,Out,Collected,0.0,C2017029259-0,210-00,Single Family Detached,SINGLE FAMILY RESIDENTIAL,Single-family,unit,8863.477,10433.389475438586,8863.480000000001,1569.9124754385848,1569.9094754385842,2016
3539,4,Out,Collected,0.0,C2017029260-0,210-00,Single Family Detached,SINGLE FAMILY RESIDENTIAL,Single-family,unit,8863.477,10433.389475438586,8863.480000000001,1569.9124754385848,1569.9094754385842,2016
3540,4,Out,Collected,0.0,C2017029261-0,210-00,Single Family Detached,SINGLE FAMILY RESIDENTIAL,Single-family,unit,8863.477,10433.389475438586,8863.480000000001,1569.9124754385848,1569.9094754385842,2016
3541,4,Out,Collected,0.0,C2017029262-0,210-00,Single Family Detached,SINGLE FAMILY RESIDENTIAL,Single-family,unit,8863.477,10433.389475438586,8863.480000000001,1569.9124754385848,1569.9094754385842,2016
3542,4,Out,Collected,0.0,C2017029263-0,210-00,Single Family Detached,SINGLE FAMILY RESIDENTIAL,Single-family,unit,8863.477,10433.389475438586,8863.480000000001,1569.9124754385848,1569.9094754385842,2016
3543,4,Out,Collected,0.0,C2017029265-0,210-00,Single Family Detached,SINGLE FAMILY RESIDENTIAL,Single-family,unit,8863.477,10433.389475438586,8863.480000000001,1569.9124754385848,1569.9094754385842,2016
3544,4,Out,Collected,0.0,C2017029268-0,210-00,Single Family Detached,SINGLE FAMILY RESIDENTIAL,Single-family,unit,8863.477,10433.389475438586,8863.480000000001,1569.9124754385848,1569.9094754385842,2016
3545,4,Out,Collected,0.0,C2017029270-0,210-00,Single Family Detached,SINGLE FAMILY RESIDENTIAL,Single-family,unit,8863.477,10433.389475438586,8863.480000000001,1569.9124754385848,1569.9094754385842,2016
3546,4,Out,Collected,0.0,C2017029271-0,210-00,Single Family Detached,SINGLE FAMILY RESIDENTIAL,Single-family,unit,8863.477,10433.389475438586,8863.480000000001,1569.9124754385848,1569.9094754385842,2016
3547,4,Out,Collected,0.0,C2017030120-0,210-00,Single Family Detached,SINGLE FAMILY RESIDENTIAL,Single-family,unit,8863.477,10433.389475438586,8863.480000000001,1569.9124754385848,1569.9094754385842,2016
3548,4,Out,Collected,0.0,C2017030128-0,210-00,Single Family Detached,SINGLE FAMILY RESIDENTIAL,Single-family,unit,8863.477,10433.389475438586,8863.480000000001,1569.9124754385848,1569.9094754385842,2016
3549,4,Out,Collected,0.0,C2017030141-0,210-00,Single Family Detached,SINGLE FAMILY RESIDENTIAL,Single-family,unit,8863.477,10433.389475438586,8863.480000000001,1569.9124754385848,1569.9094754385842,2016
3550,4,Out,Collected,0.0,C2017032102-0,210-00,Single Family Detached,SINGLE FAMILY RESIDENTIAL,Single-family,unit,8863.477,10433.389475438586,8863.480000000001,1569.9124754385848,1569.9094754385842,2016
3551,4,Out,Collected,0.0,C2017032118-0,210-00,Single Family Detached,SINGLE FAMILY RESIDENTIAL,Single-family,unit,8863.477,10433.389475438586,8863.480000000001,1569.9124754385848,1569.9094754385842,2016
3552,4,Out,Collected,0.0,C2017032133-0,210-00,Single Family Detached,SINGLE FAMILY RESIDENTIAL,Single-family,unit,8863.477,10433.389475438586,8863.480000000001,1569.9124754385848,1569.9094754385842,2016
3553,4,Out,Collected,0.0,C2017033381-0,210-00,Single Family Detached,SINGLE FAMILY RESIDENTIAL,Single-family,unit,0.0,0.0,0.0,0.0,0.0,2016
3554,4,Out,Collected,0.0,C2017033484-0,230-00,"Condominium,Townhouse",CONDOMINIUM,Single-family,unit,10852.996000000001,12953.318289421635,10853.0,2100.322289421634,2100.318289421635,2016
3555,4,Out,Collected,0.0,C2017033505-0,230-00,"Condominium,Townhouse",CONDOMINIUM,Single-family,unit,10852.996000000001,12953.318289421635,10853.0,2100.322289421634,2100.318289421635,2016
3556,4,Out,Collected,0.0,C2017033522-0,230-00,"Condominium,Townhouse",CONDOMINIUM,Single-family,unit,10852.996000000001,12953.318289421635,10853.0,2100.322289421634,2100.318289421635,2016
3557,4,Out,Collected,0.0,C2017033536-0,230-00,"Condominium,Townhouse",CONDOMINIUM,Single-family,unit,10852.996000000001,12953.318289421635,10853.0,2100.322289421634,2100.318289421635,2016
3558,4,Out,Collected,0.0,C2017033906-0,210-00,Single Family Detached,SINGLE FAMILY RESIDENTIAL,Single-family,unit,8863.477,10433.389475438586,8863.480000000001,1569.9124754385848,1569.9094754385842,2016
3559,4,Out,Collected,0.0,C2017033920-0,210-00,Single Family Detached,SINGLE FAMILY RESIDENTIAL,Single-family,unit,8863.477,10433.389475438586,8863.480000000001,1569.9124754385848,1569.9094754385842,2016
3560,4,Out,Collected,0.0,C2017033930-0,210-00,Single Family Detached,SINGLE FAMILY RESIDENTIAL,Single-family,unit,8863.477,10433.389475438586,8863.480000000001,1569.9124754385848,1569.9094754385842,2016
3561,4,Out,Collected,0.0,M2011009039-0,150-00,Warehousing,"WAREHOUSING, DISTRIBUTION TERMINALS",Industrial/Manufacturing,sq. ft.,-7848.178338,-3249.486393133568,-4231.031893551687,4598.691944866432,981.545500418119,2016
3562,4,Out,Collected,0.0,M2011009039-0,565-00,Day Care Center,PRIVATE SCHOOLS & COLLEGES,Other,sq. ft.,12722.730300000001,88931.34600058648,6858.951893551687,76208.61570058648,82072.3941070348,2016
3563,4,Out,Collected,0.0,M2015010268-0,231-00,Duplex,MULTI-FAMILY LESS THAN 10,Multifamily,unit,3890.418,3801.997859693722,4467.22,-88.42014030627797,-665.2221403062781,2016
3564,4,Out,Collected,0.0,M2015010269-0,231-00,Duplex,MULTI-FAMILY LESS THAN 10,Multifamily,unit,3890.418,3801.997859693722,4467.22,-88.42014030627797,-665.2221403062781,2016
3565,4,Out,Collected,0.0,M2015010272-0,231-00,Duplex,MULTI-FAMILY LESS THAN 10,Multifamily,unit,3890.418,3801.997859693722,4467.22,-88.42014030627797,-665.2221403062781,2016
3566,4,Out,Collected,0.0,M2015010274-0,231-00,Duplex,MULTI-FAMILY LESS THAN 10,Multifamily,unit,3890.418,3801.997859693722,4467.22,-88.42014030627797,-665.2221403062781,2016
3567,4,Out,Collected,0.0,M2015010275-0,231-00,Duplex,MULTI-FAMILY LESS THAN 10,Multifamily,unit,3890.418,3801.997859693722,4467.22,-88.42014030627797,-665.2221403062781,2016
3568,4,Out,Collected,0.0,M2015010276-0,231-00,Duplex,MULTI-FAMILY LESS THAN 10,Multifamily,unit,3890.418,3801.997859693722,4467.22,-88.42014030627797,-665.2221403062781,2016
3569,4,Out,Collected,0.0,M2015010277-0,231-00,Duplex,MULTI-FAMILY LESS THAN 10,Multifamily,unit,3890.418,3801.997859693722,4467.22,-88.42014030627797,-665.2221403062781,2016
3570,4,Out,Collected,0.0,M2015010279-0,231-00,Duplex,MULTI-FAMILY LESS THAN 10,Multifamily,unit,3890.418,3801.997859693722,4467.22,-88.42014030627797,-665.2221403062781,2016
3571,4,Out,Collected,0.0,M2015012202-0,560-00,Church/Synagogue,"CHURCHES, TEMPLES",Other,sq. ft.,-26209.489068000003,-15846.146409964846,-21575.809198813055,10363.342658035157,5729.662788848209,2016
3572,4,Out,Collected,0.0,M2015012202-0,565-00,Day Care Center,PRIVATE SCHOOLS & COLLEGES,Other,sq. ft.,35625.904650000004,249023.56477784118,29327.459198813056,213397.66012784117,219696.10557902814,2016
3573,4,Out,Collected,0.0,M2016004717-0,231-00,Duplex,MULTI-FAMILY LESS THAN 10,Multifamily,unit,3890.418,3801.997859693722,5253.820000000001,-88.42014030627797,-1451.8221403062785,2016
3574,4,Out,Collected,0.0,M2016004719-0,231-00,Duplex,MULTI-FAMILY LESS THAN 10,Multifamily,unit,3890.418,3801.997859693722,5253.820000000001,-88.42014030627797,-1451.8221403062785,2016
3575,4,Out,Collected,0.0,M2016004720-0,231-00,Duplex,MULTI-FAMILY LESS THAN 10,Multifamily,unit,3890.418,3801.997859693722,5253.820000000001,-88.42014030627797,-1451.8221403062785,2016
3576,4,Out,Collected,0.0,M2016004722-0,231-00,Duplex,MULTI-FAMILY LESS THAN 10,Multifamily,unit,3890.418,3801.997859693722,5253.820000000001,-88.42014030627797,-1451.8221403062785,2016
3577,4,Out,Collected,0.0,M2016004723-0,231-00,Duplex,MULTI-FAMILY LESS THAN 10,Multifamily,unit,3890.418,3801.997859693722,5253.820000000001,-88.42014030627797,-1451.8221403062785,2016
3578,4,Out,Collected,0.0,M2016004724-0,231-00,Duplex,MULTI-FAMILY LESS THAN 10,Multifamily,unit,3890.418,3801.997859693722,5253.820000000001,-88.42014030627797,-1451.8221403062785,2016
3579,4,Out,Collected,0.0,M2016004725-0,231-00,Duplex,MULTI-FAMILY LESS THAN 10,Multifamily,unit,3890.418,3801.997859693722,5253.820000000001,-88.42014030627797,-1451.8221403062785,2016
3580,4,Out,Collected,0.0,M2016004730-0,231-00,Duplex,MULTI-FAMILY LESS THAN 10,Multifamily,unit,3890.418,3801.997859693722,5253.820000000001,-88.42014030627797,-1451.8221403062785,2016
3581,4,Out,Collected,0.0,M2016004732-0,231-00,Duplex,MULTI-FAMILY LESS THAN 10,Multifamily,unit,3890.418,3801.997859693722,5253.820000000001,-88.42014030627797,-1451.8221403062785,2016
3582,4,Out,Collected,0.0,M2016004733-0,231-00,Duplex,MULTI-FAMILY LESS THAN 10,Multifamily,unit,3890.418,3801.997859693722,5253.820000000001,-88.42014030627797,-1451.8221403062785,2016
3583,4,Out,Collected,0.0,M2016004734-0,231-00,Duplex,MULTI-FAMILY LESS THAN 10,Multifamily,unit,3890.418,3801.997859693722,5253.820000000001,-88.42014030627797,-1451.8221403062785,2016
3584,4,Out,Collected,0.0,M2016004735-0,231-00,Duplex,MULTI-FAMILY LESS THAN 10,Multifamily,unit,3890.418,3801.997859693722,5253.820000000001,-88.42014030627797,-1451.8221403062785,2016
3585,4,Out,Collected,0.0,M2016004737-0,231-00,Duplex,MULTI-FAMILY LESS THAN 10,Multifamily,unit,3890.418,3801.997859693722,5253.820000000001,-88.42014030627797,-1451.8221403062785,2016
3586,4,Out,Collected,0.0,M2016004738-0,231-00,Duplex,MULTI-FAMILY LESS THAN 10,Multifamily,unit,3890.418,3801.997859693722,5253.820000000001,-88.42014030627797,-1451.8221403062785,2016
3587,4,Out,Collected,0.0,M2016004739-0,231-00,Duplex,MULTI-FAMILY LESS THAN 10,Multifamily,unit,3890.418,3801.997859693722,5253.820000000001,-88.42014030627797,-1451.8221403062785,2016
3588,4,Out,Collected,0.0,M2016005673-0,210-00,Single Family Detached,SINGLE FAMILY RESIDENTIAL,Single-family,unit,8863.477,10433.389475438586,8581.43,1569.9124754385848,1851.9594754385853,2016
3589,4,Out,Collected,0.0,M2016005674-0,210-00,Single Family Detached,SINGLE FAMILY RESIDENTIAL,Single-family,unit,8863.477,10433.389475438586,8581.43,1569.9124754385848,1851.9594754385853,2016
3590,4,Out,Collected,0.0,M2016005675-0,210-00,Single Family Detached,SINGLE FAMILY RESIDENTIAL,Single-family,unit,8863.477,10433.389475438586,8581.43,1569.9124754385848,1851.9594754385853,2016
3591,4,Out,Collected,0.0,M2016005676-0,210-00,Single Family Detached,SINGLE FAMILY RESIDENTIAL,Single-family,unit,8863.477,10433.389475438586,8581.43,1569.9124754385848,1851.9594754385853,2016
3592,4,Out,Collected,0.0,M2016005677-0,210-00,Single Family Detached,SINGLE FAMILY RESIDENTIAL,Single-family,unit,8863.477,10433.389475438586,8581.43,1569.9124754385848,1851.9594754385853,2016
3593,4,Out,Collected,0.0,M2016005678-0,210-00,Single Family Detached,SINGLE FAMILY RESIDENTIAL,Single-family,unit,8863.477,10433.389475438586,8581.43,1569.9124754385848,1851.9594754385853,2016
3594,4,Out,Collected,0.0,M2016005735-0,210-00,Single Family Detached,SINGLE FAMILY RESIDENTIAL,Single-family,unit,8863.477,10433.389475438586,8581.43,1569.9124754385848,1851.9594754385853,2016
3595,4,Out,Collected,0.0,M2016005736-0,210-00,Single Family Detached,SINGLE FAMILY RESIDENTIAL,Single-family,unit,8863.477,10433.389475438586,8581.43,1569.9124754385848,1851.9594754385853,2016
3596,4,Out,Collected,0.0,M2016005737-0,210-00,Single Family Detached,SINGLE FAMILY RESIDENTIAL,Single-family,unit,8863.477,10433.389475438586,8581.43,1569.9124754385848,1851.9594754385853,2016
3597,4,Out,Collected,0.0,M2016005738-0,210-00,Single Family Detached,SINGLE FAMILY RESIDENTIAL,Single-family,unit,8863.477,10433.389475438586,8581.43,1569.9124754385848,1851.9594754385853,2016
3598,4,Out,Collected,0.0,M2016005742-0,210-00,Single Family Detached,SINGLE FAMILY RESIDENTIAL,Single-family,unit,8863.477,10433.389475438586,8581.43,1569.9124754385848,1851.9594754385853,2016
3599,4,Out,Collected,0.0,M2016005743-0,210-00,Single Family Detached,SINGLE FAMILY RESIDENTIAL,Single-family,unit,8863.477,10433.389475438586,8581.43,1569.9124754385848,1851.9594754385853,2016
3600,4,Out,Collected,0.0,M2016005744-0,210-00,Single Family Detached,SINGLE FAMILY RESIDENTIAL,Single-family,unit,8863.477,10433.389475438586,8581.43,1569.9124754385848,1851.9594754385853,2016
3601,4,Out,Collected,0.0,M2016005745-0,210-00,Single Family Detached,SINGLE FAMILY RESIDENTIAL,Single-family,unit,8863.477,10433.389475438586,8581.43,1569.9124754385848,1851.9594754385853,2016
3602,4,Out,Collected,0.0,M2016005746-0,210-00,Single Family Detached,SINGLE FAMILY RESIDENTIAL,Single-family,unit,8863.477,10433.389475438586,8581.43,1569.9124754385848,1851.9594754385853,2016
3603,4,Out,Collected,0.0,M2016005747-0,210-00,Single Family Detached,SINGLE FAMILY RESIDENTIAL,Single-family,unit,8863.477,10433.389475438586,8581.43,1569.9124754385848,1851.9594754385853,2016
3604,4,Out,Collected,0.0,M2016005748-0,210-00,Single Family Detached,SINGLE FAMILY RESIDENTIAL,Single-family,unit,8863.477,10433.389475438586,8581.43,1569.9124754385848,1851.9594754385853,2016
3605,4,Out,Collected,0.0,M2016005749-0,210-00,Single Family Detached,SINGLE FAMILY RESIDENTIAL,Single-family,unit,8863.477,10433.389475438586,8581.43,1569.9124754385848,1851.9594754385853,2016
3606,4,Out,Collected,0.0,M2016005750-0,210-00,Single Family Detached,SINGLE FAMILY RESIDENTIAL,Single-family,unit,8863.477,10433.389475438586,8581.43,1569.9124754385848,1851.9594754385853,2016
3607,4,Out,Collected,0.0,M2016005751-0,210-00,Single Family Detached,SINGLE FAMILY RESIDENTIAL,Single-family,unit,8863.477,10433.389475438586,8581.43,1569.9124754385848,1851.9594754385853,2016
3608,4,Out,Collected,0.0,M2016005752-0,210-00,Single Family Detached,SINGLE FAMILY RESIDENTIAL,Single-family,unit,8863.477,10433.389475438586,8581.43,1569.9124754385848,1851.9594754385853,2016
3609,4,Out,Collected,0.0,M2016005753-0,210-00,Single Family Detached,SINGLE FAMILY RESIDENTIAL,Single-family,unit,8863.477,10433.389475438586,8581.43,1569.9124754385848,1851.9594754385853,2016
3610,4,Out,Collected,0.0,M2016005754-0,210-00,Single Family Detached,SINGLE FAMILY RESIDENTIAL,Single-family,unit,8863.477,10433.389475438586,8581.43,1569.9124754385848,1851.9594754385853,2016
3611,4,Out,Collected,0.0,M2016005755-0,210-00,Single Family Detached,SINGLE FAMILY RESIDENTIAL,Single-family,unit,8863.477,10433.389475438586,8581.43,1569.9124754385848,1851.9594754385853,2016
3612,4,Out,Collected,0.0,M2016005756-0,210-00,Single Family Detached,SINGLE FAMILY RESIDENTIAL,Single-family,unit,8863.477,10433.389475438586,8581.43,1569.9124754385848,1851.9594754385853,2016
3613,4,Out,Collected,0.0,M2016005917-0,210-00,Single Family Detached,SINGLE FAMILY RESIDENTIAL,Single-family,unit,8863.477,10433.389475438586,8581.43,1569.9124754385848,1851.9594754385853,2016
3614,4,Out,Collected,0.0,M2016005918-0,210-00,Single Family Detached,SINGLE FAMILY RESIDENTIAL,Single-family,unit,8863.477,10433.389475438586,8581.43,1569.9124754385848,1851.9594754385853,2016
3615,4,Out,Collected,0.0,M2016005919-0,210-00,Single Family Detached,SINGLE FAMILY RESIDENTIAL,Single-family,unit,8863.477,10433.389475438586,8581.43,1569.9124754385848,1851.9594754385853,2016
3616,4,Out,Collected,0.0,M2016005920-0,210-00,Single Family Detached,SINGLE FAMILY RESIDENTIAL,Single-family,unit,8863.477,10433.389475438586,8581.43,1569.9124754385848,1851.9594754385853,2016
3617,4,Out,Collected,0.0,M2016005921-0,210-00,Single Family Detached,SINGLE FAMILY RESIDENTIAL,Single-family,unit,8863.477,10433.389475438586,8581.43,1569.9124754385848,1851.9594754385853,2016
3618,4,Out,Collected,0.0,M2016005977-0,210-00,Single Family Detached,SINGLE FAMILY RESIDENTIAL,Single-family,unit,8863.477,10433.389475438586,8581.43,1569.9124754385848,1851.9594754385853,2016
3619,4,Out,Collected,0.0,M2016005978-0,210-00,Single Family Detached,SINGLE FAMILY RESIDENTIAL,Single-family,unit,8863.477,10433.389475438586,8581.43,1569.9124754385848,1851.9594754385853,2016
3620,4,Out,Collected,0.0,M2016005979-0,210-00,Single Family Detached,SINGLE FAMILY RESIDENTIAL,Single-family,unit,8863.477,10433.389475438586,8581.43,1569.9124754385848,1851.9594754385853,2016
3621,4,Out,Collected,0.0,M2016005981-0,210-00,Single Family Detached,SINGLE FAMILY RESIDENTIAL,Single-family,unit,8863.477,10433.389475438586,8581.43,1569.9124754385848,1851.9594754385853,2016
3622,4,Out,Collected,0.0,M2016005982-0,210-00,Single Family Detached,SINGLE FAMILY RESIDENTIAL,Single-family,unit,8863.477,10433.389475438586,8581.43,1569.9124754385848,1851.9594754385853,2016
3623,4,Out,Collected,0.0,M2016005983-0,210-00,Single Family Detached,SINGLE FAMILY RESIDENTIAL,Single-family,unit,8863.477,10433.389475438586,8581.43,1569.9124754385848,1851.9594754385853,2016
3624,4,Out,Collected,0.0,M2016005984-0,210-00,Single Family Detached,SINGLE FAMILY RESIDENTIAL,Single-family,unit,8863.477,10433.389475438586,8581.43,1569.9124754385848,1851.9594754385853,2016
3625,4,Out,Collected,0.0,M2016005985-0,210-00,Single Family Detached,SINGLE FAMILY RESIDENTIAL,Single-family,unit,8863.477,10433.389475438586,8581.43,1569.9124754385848,1851.9594754385853,2016
3626,4,Out,Collected,0.0,M2016005988-0,210-00,Single Family Detached,SINGLE FAMILY RESIDENTIAL,Single-family,unit,8863.477,10433.389475438586,8581.43,1569.9124754385848,1851.9594754385853,2016
3627,4,Out,Collected,0.0,M2016005989-0,210-00,Single Family Detached,SINGLE FAMILY RESIDENTIAL,Single-family,unit,8863.477,10433.389475438586,8581.43,1569.9124754385848,1851.9594754385853,2016
3628,4,Out,Collected,0.0,M2016005990-0,210-00,Single Family Detached,SINGLE FAMILY RESIDENTIAL,Single-family,unit,8863.477,10433.389475438586,8581.43,1569.9124754385848,1851.9594754385853,2016
3629,4,Out,Collected,0.0,M2016005991-0,210-00,Single Family Detached,SINGLE FAMILY RESIDENTIAL,Single-family,unit,8863.477,10433.389475438586,8581.43,1569.9124754385848,1851.9594754385853,2016
3630,4,Out,Collected,0.0,M2016005992-0,210-00,Single Family Detached,SINGLE FAMILY RESIDENTIAL,Single-family,unit,8863.477,10433.389475438586,8581.43,1569.9124754385848,1851.9594754385853,2016
3631,4,Out,Collected,0.0,M2016006080-0,210-00,Single Family Detached,SINGLE FAMILY RESIDENTIAL,Single-family,unit,8863.477,10433.389475438586,8581.43,1569.9124754385848,1851.9594754385853,2016
3632,4,Out,Collected,0.0,M2016006081-0,210-00,Single Family Detached,SINGLE FAMILY RESIDENTIAL,Single-family,unit,8863.477,10433.389475438586,8581.43,1569.9124754385848,1851.9594754385853,2016
3633,4,Out,Collected,0.0,M2016006082-0,210-00,Single Family Detached,SINGLE FAMILY RESIDENTIAL,Single-family,unit,0.0,0.0,0.0,0.0,0.0,2016
3634,4,Out,Collected,0.0,M2016006083-0,210-00,Single Family Detached,SINGLE FAMILY RESIDENTIAL,Single-family,unit,0.0,0.0,0.0,0.0,0.0,2016
3635,4,Out,Collected,0.0,M2016006085-0,210-00,Single Family Detached,SINGLE FAMILY RESIDENTIAL,Single-family,unit,8863.477,10433.389475438586,8581.43,1569.9124754385848,1851.9594754385853,2016
3636,4,Out,Collected,0.0,M2016006086-0,210-00,Single Family Detached,SINGLE FAMILY RESIDENTIAL,Single-family,unit,0.0,0.0,0.0,0.0,0.0,2016
3637,4,Out,Collected,0.0,M2016006087-0,210-00,Single Family Detached,SINGLE FAMILY RESIDENTIAL,Single-family,unit,0.0,0.0,0.0,0.0,0.0,2016
3638,4,Out,Collected,0.0,M2016006089-0,210-00,Single Family Detached,SINGLE FAMILY RESIDENTIAL,Single-family,unit,0.0,0.0,0.0,0.0,0.0,2016
3639,4,Out,Collected,0.0,M2016006090-0,210-00,Single Family Detached,SINGLE FAMILY RESIDENTIAL,Single-family,unit,8863.477,10433.389475438586,8581.43,1569.9124754385848,1851.9594754385853,2016
3640,4,Out,Collected,0.0,M2016006092-0,210-00,Single Family Detached,SINGLE FAMILY RESIDENTIAL,Single-family,unit,8863.477,10433.389475438586,8581.43,1569.9124754385848,1851.9594754385853,2016
3641,4,Out,Collected,0.0,M2016006093-0,210-00,Single Family Detached,SINGLE FAMILY RESIDENTIAL,Single-family,unit,8863.477,10433.389475438586,8581.43,1569.9124754385848,1851.9594754385853,2016
3642,4,Out,Collected,0.0,M2016006094-0,210-00,Single Family Detached,SINGLE FAMILY RESIDENTIAL,Single-family,unit,0.0,0.0,0.0,0.0,0.0,2016
3643,4,Out,Collected,0.0,M2016006095-0,210-00,Single Family Detached,SINGLE FAMILY RESIDENTIAL,Single-family,unit,8863.477,10433.389475438586,8581.43,1569.9124754385848,1851.9594754385853,2016
3644,4,Out,Collected,0.0,M2016006096-0,210-00,Single Family Detached,SINGLE FAMILY RESIDENTIAL,Single-family,unit,8863.477,10433.389475438586,8581.43,1569.9124754385848,1851.9594754385853,2016
3645,4,Out,Collected,0.0,M2016006097-0,210-00,Single Family Detached,SINGLE FAMILY RESIDENTIAL,Single-family,unit,8863.477,10433.389475438586,8581.43,1569.9124754385848,1851.9594754385853,2016
3646,4,Out,Collected,0.0,M2016006101-0,210-00,Single Family Detached,SINGLE FAMILY RESIDENTIAL,Single-family,unit,8863.477,10433.389475438586,8581.43,1569.9124754385848,1851.9594754385853,2016
3647,4,Out,Collected,0.0,M2016006102-0,210-00,Single Family Detached,SINGLE FAMILY RESIDENTIAL,Single-family,unit,8863.477,10433.389475438586,8581.43,1569.9124754385848,1851.9594754385853,2016
3648,4,Out,Collected,0.0,M2016006103-0,210-00,Single Family Detached,SINGLE FAMILY RESIDENTIAL,Single-family,unit,8863.477,10433.389475438586,8581.43,1569.9124754385848,1851.9594754385853,2016
3649,4,Out,Collected,0.0,M2016006104-0,210-00,Single Family Detached,SINGLE FAMILY RESIDENTIAL,Single-family,unit,8863.477,10433.389475438586,8581.43,1569.9124754385848,1851.9594754385853,2016
3650,4,Out,Collected,0.0,M2016006105-0,210-00,Single Family Detached,SINGLE FAMILY RESIDENTIAL,Single-family,unit,8863.477,10433.389475438586,8581.43,1569.9124754385848,1851.9594754385853,2016
3651,4,Out,Collected,0.0,M2016006113-0,210-00,Single Family Detached,SINGLE FAMILY RESIDENTIAL,Single-family,unit,8863.477,10433.389475438586,8581.43,1569.9124754385848,1851.9594754385853,2016
3652,4,Out,Collected,0.0,M2016006115-0,210-00,Single Family Detached,SINGLE FAMILY RESIDENTIAL,Single-family,unit,0.0,0.0,0.0,0.0,0.0,2016
3653,4,Out,Collected,0.0,M2016006116-0,210-00,Single Family Detached,SINGLE FAMILY RESIDENTIAL,Single-family,unit,8863.477,10433.389475438586,8581.43,1569.9124754385848,1851.9594754385853,2016
3654,4,Out,Collected,0.0,M2016006117-0,210-00,Single Family Detached,SINGLE FAMILY RESIDENTIAL,Single-family,unit,0.0,0.0,0.0,0.0,0.0,2016
3655,4,Out,Collected,0.0,M2016006118-0,210-00,Single Family Detached,SINGLE FAMILY RESIDENTIAL,Single-family,unit,0.0,0.0,0.0,0.0,0.0,2016
3656,4,Out,Collected,0.0,M2016006119-0,210-00,Single Family Detached,SINGLE FAMILY RESIDENTIAL,Single-family,unit,0.0,0.0,0.0,0.0,0.0,2016
3657,4,Out,Collected,0.0,M2016006120-0,210-00,Single Family Detached,SINGLE FAMILY RESIDENTIAL,Single-family,unit,8863.477,10433.389475438586,8581.43,1569.9124754385848,1851.9594754385853,2016
3658,4,Out,Collected,0.0,M2016006129-0,210-00,Single Family Detached,SINGLE FAMILY RESIDENTIAL,Single-family,unit,8863.477,10433.389475438586,8581.43,1569.9124754385848,1851.9594754385853,2016
3659,4,Out,Collected,0.0,M2016006130-0,210-00,Single Family Detached,SINGLE FAMILY RESIDENTIAL,Single-family,unit,8863.477,10433.389475438586,8581.43,1569.9124754385848,1851.9594754385853,2016
3660,4,Out,Collected,0.0,M2016006131-0,210-00,Single Family Detached,SINGLE FAMILY RESIDENTIAL,Single-family,unit,8863.477,10433.389475438586,8581.43,1569.9124754385848,1851.9594754385853,2016
3661,4,Out,Collected,0.0,M2016006132-0,210-00,Single Family Detached,SINGLE FAMILY RESIDENTIAL,Single-family,unit,8863.477,10433.389475438586,8581.43,1569.9124754385848,1851.9594754385853,2016
3662,4,Out,Collected,0.0,M2016006133-0,210-00,Single Family Detached,SINGLE FAMILY RESIDENTIAL,Single-family,unit,8863.477,10433.389475438586,8581.43,1569.9124754385848,1851.9594754385853,2016
3663,4,Out,Collected,0.0,M2016006134-0,210-00,Single Family Detached,SINGLE FAMILY RESIDENTIAL,Single-family,unit,8863.477,10433.389475438586,8581.43,1569.9124754385848,1851.9594754385853,2016
3664,4,Out,Collected,0.0,M2016006135-0,210-00,Single Family Detached,SINGLE FAMILY RESIDENTIAL,Single-family,unit,8863.477,10433.389475438586,8581.43,1569.9124754385848,1851.9594754385853,2016
3665,4,Out,Collected,0.0,M2016006136-0,210-00,Single Family Detached,SINGLE FAMILY RESIDENTIAL,Single-family,unit,8863.477,10433.389475438586,8581.43,1569.9124754385848,1851.9594754385853,2016
3666,4,Out,Collected,0.0,M2016006138-0,210-00,Single Family Detached,SINGLE FAMILY RESIDENTIAL,Single-family,unit,8863.477,10433.389475438586,8581.43,1569.9124754385848,1851.9594754385853,2016
3667,4,Out,Collected,0.0,M2016006139-0,210-00,Single Family Detached,SINGLE FAMILY RESIDENTIAL,Single-family,unit,8863.477,10433.389475438586,8581.43,1569.9124754385848,1851.9594754385853,2016
3668,4,Out,Collected,0.0,M2016006140-0,210-00,Single Family Detached,SINGLE FAMILY RESIDENTIAL,Single-family,unit,8863.477,10433.389475438586,8581.43,1569.9124754385848,1851.9594754385853,2016
3669,4,Out,Collected,0.0,M2016006141-0,210-00,Single Family Detached,SINGLE FAMILY RESIDENTIAL,Single-family,unit,8863.477,10433.389475438586,8581.43,1569.9124754385848,1851.9594754385853,2016
3670,4,Out,Collected,0.0,M2016006142-0,210-00,Single Family Detached,SINGLE FAMILY RESIDENTIAL,Single-family,unit,8863.477,10433.389475438586,8581.43,1569.9124754385848,1851.9594754385853,2016
3671,4,Out,Collected,0.0,M2016006143-0,210-00,Single Family Detached,SINGLE FAMILY RESIDENTIAL,Single-family,unit,8863.477,10433.389475438586,8581.43,1569.9124754385848,1851.9594754385853,2016
3672,4,Out,Collected,0.0,M2016006147-0,210-00,Single Family Detached,SINGLE FAMILY RESIDENTIAL,Single-family,unit,8863.477,10433.389475438586,8581.43,1569.9124754385848,1851.9594754385853,2016
3673,4,Out,Collected,0.0,M2016006148-0,210-00,Single Family Detached,SINGLE FAMILY RESIDENTIAL,Single-family,unit,8863.477,10433.389475438586,8581.43,1569.9124754385848,1851.9594754385853,2016
3674,4,Out,Collected,0.0,M2016006149-0,210-00,Single Family Detached,SINGLE FAMILY RESIDENTIAL,Single-family,unit,8863.477,10433.389475438586,8581.43,1569.9124754385848,1851.9594754385853,2016
3675,4,Out,Collected,0.0,M2016006150-0,210-00,Single Family Detached,SINGLE FAMILY RESIDENTIAL,Single-family,unit,8863.477,10433.389475438586,8581.43,1569.9124754385848,1851.9594754385853,2016
3676,4,Out,Collected,0.0,M2016006151-0,210-00,Single Family Detached,SINGLE FAMILY RESIDENTIAL,Single-family,unit,8863.477,10433.389475438586,8581.43,1569.9124754385848,1851.9594754385853,2016
3677,4,Out,Collected,0.0,M2016006152-0,210-00,Single Family Detached,SINGLE FAMILY RESIDENTIAL,Single-family,unit,8863.477,10433.389475438586,8581.43,1569.9124754385848,1851.9594754385853,2016
3678,4,Out,Collected,0.0,M2016006153-0,210-00,Single Family Detached,SINGLE FAMILY RESIDENTIAL,Single-family,unit,8863.477,10433.389475438586,8581.43,1569.9124754385848,1851.9594754385853,2016
3679,4,Out,Collected,0.0,M2016006154-0,210-00,Single Family Detached,SINGLE FAMILY RESIDENTIAL,Single-family,unit,8863.477,10433.389475438586,8581.43,1569.9124754385848,1851.9594754385853,2016
3680,4,Out,Collected,0.0,M2016006156-0,210-00,Single Family Detached,SINGLE FAMILY RESIDENTIAL,Single-family,unit,8863.477,10433.389475438586,8581.43,1569.9124754385848,1851.9594754385853,2016
3681,4,Out,Collected,0.0,M2016006157-0,210-00,Single Family Detached,SINGLE FAMILY RESIDENTIAL,Single-family,unit,8863.477,10433.389475438586,8581.43,1569.9124754385848,1851.9594754385853,2016
3682,4,Out,Collected,0.0,M2016006158-0,210-00,Single Family Detached,SINGLE FAMILY RESIDENTIAL,Single-family,unit,8863.477,10433.389475438586,8581.43,1569.9124754385848,1851.9594754385853,2016
3683,4,Out,Collected,0.0,M2016006160-0,210-00,Single Family Detached,SINGLE FAMILY RESIDENTIAL,Single-family,unit,8863.477,10433.389475438586,8581.43,1569.9124754385848,1851.9594754385853,2016
3684,4,Out,Collected,0.0,M2016006161-0,210-00,Single Family Detached,SINGLE FAMILY RESIDENTIAL,Single-family,unit,8863.477,10433.389475438586,8581.43,1569.9124754385848,1851.9594754385853,2016
3685,4,Out,Collected,0.0,M2016006162-0,210-00,Single Family Detached,SINGLE FAMILY RESIDENTIAL,Single-family,unit,8863.477,10433.389475438586,8581.43,1569.9124754385848,1851.9594754385853,2016
3686,4,Out,Collected,0.0,M2016006219-0,210-00,Single Family Detached,SINGLE FAMILY RESIDENTIAL,Single-family,unit,8863.477,10433.389475438586,8581.43,1569.9124754385848,1851.9594754385853,2016
3687,4,Out,Collected,0.0,M2016006478-0,210-00,Single Family Detached,SINGLE FAMILY RESIDENTIAL,Single-family,unit,8863.477,10433.389475438586,8581.43,1569.9124754385848,1851.9594754385853,2016
3688,4,Out,Collected,0.0,M2016006481-0,210-00,Single Family Detached,SINGLE FAMILY RESIDENTIAL,Single-family,unit,8863.477,10433.389475438586,8581.43,1569.9124754385848,1851.9594754385853,2016
3689,4,Out,Collected,0.0,M2016006483-0,210-00,Single Family Detached,SINGLE FAMILY RESIDENTIAL,Single-family,unit,8863.477,10433.389475438586,1284.81,1569.9124754385848,9148.579475438586,2016
3690,4,Out,Collected,0.0,M2016006485-0,210-00,Single Family Detached,SINGLE FAMILY RESIDENTIAL,Single-family,unit,8863.477,10433.389475438586,1284.81,1569.9124754385848,9148.579475438586,2016
3691,4,Out,Collected,0.0,M2016006596-0,210-00,Single Family Detached,SINGLE FAMILY RESIDENTIAL,Single-family,unit,8863.477,10433.389475438586,8581.43,1569.9124754385848,1851.9594754385853,2016
3692,4,Out,Collected,0.0,M2016006597-0,210-00,Single Family Detached,SINGLE FAMILY RESIDENTIAL,Single-family,unit,8863.477,10433.389475438586,8581.43,1569.9124754385848,1851.9594754385853,2016
3693,4,Out,Collected,0.0,M2016006598-0,210-00,Single Family Detached,SINGLE FAMILY RESIDENTIAL,Single-family,unit,8863.477,10433.389475438586,8581.43,1569.9124754385848,1851.9594754385853,2016
3694,4,Out,Collected,0.0,M2016006599-0,210-00,Single Family Detached,SINGLE FAMILY RESIDENTIAL,Single-family,unit,8863.477,10433.389475438586,8581.43,1569.9124754385848,1851.9594754385853,2016
3695,4,Out,Collected,0.0,M2016006600-0,210-00,Single Family Detached,SINGLE FAMILY RESIDENTIAL,Single-family,unit,8863.477,10433.389475438586,8581.43,1569.9124754385848,1851.9594754385853,2016
3696,4,Out,Collected,0.0,M2016006601-0,210-00,Single Family Detached,SINGLE FAMILY RESIDENTIAL,Single-family,unit,8863.477,10433.389475438586,8581.43,1569.9124754385848,1851.9594754385853,2016
3697,4,Out,Collected,0.0,M2016006602-0,210-00,Single Family Detached,SINGLE FAMILY RESIDENTIAL,Single-family,unit,8863.477,10433.389475438586,8581.43,1569.9124754385848,1851.9594754385853,2016
3698,4,Out,Collected,0.0,M2016006603-0,210-00,Single Family Detached,SINGLE FAMILY RESIDENTIAL,Single-family,unit,8863.477,10433.389475438586,8581.43,1569.9124754385848,1851.9594754385853,2016
3699,4,Out,Collected,0.0,M2016006612-0,210-00,Single Family Detached,SINGLE FAMILY RESIDENTIAL,Single-family,unit,8863.477,10433.389475438586,8581.43,1569.9124754385848,1851.9594754385853,2016
3700,4,Out,Collected,0.0,M2016006614-0,210-00,Single Family Detached,SINGLE FAMILY RESIDENTIAL,Single-family,unit,8863.477,10433.389475438586,8581.43,1569.9124754385848,1851.9594754385853,2016
3701,4,Out,Collected,0.0,M2016006615-0,210-00,Single Family Detached,SINGLE FAMILY RESIDENTIAL,Single-family,unit,8863.477,10433.389475438586,8581.43,1569.9124754385848,1851.9594754385853,2016
3702,4,Out,Collected,0.0,M2016006616-0,210-00,Single Family Detached,SINGLE FAMILY RESIDENTIAL,Single-family,unit,8863.477,10433.389475438586,8581.43,1569.9124754385848,1851.9594754385853,2016
3703,4,Out,Collected,0.0,M2016006618-0,210-00,Single Family Detached,SINGLE FAMILY RESIDENTIAL,Single-family,unit,8863.477,10433.389475438586,8581.43,1569.9124754385848,1851.9594754385853,2016
3704,4,Out,Collected,0.0,M2016006619-0,210-00,Single Family Detached,SINGLE FAMILY RESIDENTIAL,Single-family,unit,8863.477,10433.389475438586,8581.43,1569.9124754385848,1851.9594754385853,2016
3705,4,Out,Collected,0.0,M2016006623-0,210-00,Single Family Detached,SINGLE FAMILY RESIDENTIAL,Single-family,unit,8863.477,10433.389475438586,8581.43,1569.9124754385848,1851.9594754385853,2016
3706,4,Out,Collected,0.0,M2016006624-0,210-00,Single Family Detached,SINGLE FAMILY RESIDENTIAL,Single-family,unit,8863.477,10433.389475438586,8581.43,1569.9124754385848,1851.9594754385853,2016
3707,4,Out,Collected,0.0,M2016006626-0,210-00,Single Family Detached,SINGLE FAMILY RESIDENTIAL,Single-family,unit,8863.477,10433.389475438586,8581.43,1569.9124754385848,1851.9594754385853,2016
3708,4,Out,Collected,0.0,M2016006627-0,210-00,Single Family Detached,SINGLE FAMILY RESIDENTIAL,Single-family,unit,8863.477,10433.389475438586,8581.43,1569.9124754385848,1851.9594754385853,2016
3709,4,Out,Collected,0.0,M2016006628-0,210-00,Single Family Detached,SINGLE FAMILY RESIDENTIAL,Single-family,unit,8863.477,10433.389475438586,8581.43,1569.9124754385848,1851.9594754385853,2016
3710,4,Out,Collected,0.0,M2016006643-0,210-00,Single Family Detached,SINGLE FAMILY RESIDENTIAL,Single-family,unit,8863.477,10433.389475438586,8581.43,1569.9124754385848,1851.9594754385853,2016
3711,4,Out,Collected,0.0,M2016006644-0,210-00,Single Family Detached,SINGLE FAMILY RESIDENTIAL,Single-family,unit,8863.477,10433.389475438586,8581.43,1569.9124754385848,1851.9594754385853,2016
3712,4,Out,Collected,0.0,M2016006645-0,210-00,Single Family Detached,SINGLE FAMILY RESIDENTIAL,Single-family,unit,8863.477,10433.389475438586,8581.43,1569.9124754385848,1851.9594754385853,2016
3713,4,Out,Collected,0.0,M2016006646-0,210-00,Single Family Detached,SINGLE FAMILY RESIDENTIAL,Single-family,unit,8863.477,10433.389475438586,8581.43,1569.9124754385848,1851.9594754385853,2016
3714,4,Out,Collected,0.0,M2016006647-0,210-00,Single Family Detached,SINGLE FAMILY RESIDENTIAL,Single-family,unit,8863.477,10433.389475438586,8581.43,1569.9124754385848,1851.9594754385853,2016
3715,4,Out,Collected,0.0,M2016006788-0,231-00,Duplex,MULTI-FAMILY LESS THAN 10,Multifamily,unit,3890.418,3801.997859693722,5253.820000000001,-88.42014030627797,-1451.8221403062785,2016
3716,4,Out,Collected,0.0,M2016006789-0,231-00,Duplex,MULTI-FAMILY LESS THAN 10,Multifamily,unit,3890.418,3801.997859693722,5253.820000000001,-88.42014030627797,-1451.8221403062785,2016
3717,4,Out,Collected,0.0,M2016006791-0,231-00,Duplex,MULTI-FAMILY LESS THAN 10,Multifamily,unit,3890.418,3801.997859693722,5253.820000000001,-88.42014030627797,-1451.8221403062785,2016
3718,4,Out,Collected,0.0,M2016006792-0,231-00,Duplex,MULTI-FAMILY LESS THAN 10,Multifamily,unit,3890.418,3801.997859693722,5253.830000000001,-88.42014030627797,-1451.8321403062787,2016
3719,4,Out,Collected,0.0,M2016006793-0,231-00,Duplex,MULTI-FAMILY LESS THAN 10,Multifamily,unit,3890.418,3801.997859693722,5253.820000000001,-88.42014030627797,-1451.8221403062785,2016
3720,4,Out,Collected,0.0,M2016006899-0,210-00,Single Family Detached,SINGLE FAMILY RESIDENTIAL,Single-family,unit,8863.477,10433.389475438586,8581.43,1569.9124754385848,1851.9594754385853,2016
3721,4,Out,Collected,0.0,M2016006900-0,210-00,Single Family Detached,SINGLE FAMILY RESIDENTIAL,Single-family,unit,8863.477,10433.389475438586,8581.43,1569.9124754385848,1851.9594754385853,2016
3722,4,Out,Collected,0.0,M2016006901-0,210-00,Single Family Detached,SINGLE FAMILY RESIDENTIAL,Single-family,unit,8863.477,10433.389475438586,8581.43,1569.9124754385848,1851.9594754385853,2016
3723,4,Out,Collected,0.0,M2016006902-0,210-00,Single Family Detached,SINGLE FAMILY RESIDENTIAL,Single-family,unit,8863.477,10433.389475438586,8581.43,1569.9124754385848,1851.9594754385853,2016
3724,4,Out,Collected,0.0,M2016006903-0,210-00,Single Family Detached,SINGLE FAMILY RESIDENTIAL,Single-family,unit,8863.477,10433.389475438586,8581.43,1569.9124754385848,1851.9594754385853,2016
3725,4,Out,Collected,0.0,M2016006905-0,210-00,Single Family Detached,SINGLE FAMILY RESIDENTIAL,Single-family,unit,8863.477,10433.389475438586,8581.43,1569.9124754385848,1851.9594754385853,2016
3726,4,Out,Collected,0.0,M2016006906-0,210-00,Single Family Detached,SINGLE FAMILY RESIDENTIAL,Single-family,unit,8863.477,10433.389475438586,8581.43,1569.9124754385848,1851.9594754385853,2016
3727,4,Out,Collected,0.0,M2016006907-0,210-00,Single Family Detached,SINGLE FAMILY RESIDENTIAL,Single-family,unit,8863.477,10433.389475438586,8581.43,1569.9124754385848,1851.9594754385853,2016
3728,4,Out,Collected,0.0,M2016007132-0,210-00,Single Family Detached,SINGLE FAMILY RESIDENTIAL,Single-family,unit,8863.477,10433.389475438586,8581.43,1569.9124754385848,1851.9594754385853,2016
3729,4,Out,Collected,0.0,M2016007225-0,210-00,Single Family Detached,SINGLE FAMILY RESIDENTIAL,Single-family,unit,8863.477,10433.389475438586,8581.43,1569.9124754385848,1851.9594754385853,2016
3730,4,Out,Collected,0.0,M2016007226-0,210-00,Single Family Detached,SINGLE FAMILY RESIDENTIAL,Single-family,unit,8863.477,10433.389475438586,8581.43,1569.9124754385848,1851.9594754385853,2016
3731,4,Out,Collected,0.0,M2016007449-0,210-00,Single Family Detached,SINGLE FAMILY RESIDENTIAL,Single-family,unit,8863.477,10433.389475438586,8581.43,1569.9124754385848,1851.9594754385853,2016
3732,4,Out,Collected,0.0,M2016007450-0,210-00,Single Family Detached,SINGLE FAMILY RESIDENTIAL,Single-family,unit,8863.477,10433.389475438586,8581.43,1569.9124754385848,1851.9594754385853,2016
3733,4,Out,Collected,0.0,M2016008188-0,210-00,Single Family Detached,SINGLE FAMILY RESIDENTIAL,Single-family,unit,8863.477,10433.389475438586,8581.43,1569.9124754385848,1851.9594754385853,2016
3734,4,Out,Collected,0.0,M2016008221-0,210-00,Single Family Detached,SINGLE FAMILY RESIDENTIAL,Single-family,unit,8863.477,10433.389475438586,8581.43,1569.9124754385848,1851.9594754385853,2016
3735,4,Out,Collected,0.0,M2016008225-0,210-00,Single Family Detached,SINGLE FAMILY RESIDENTIAL,Single-family,unit,8863.477,10433.389475438586,8581.43,1569.9124754385848,1851.9594754385853,2016
3736,4,Out,Collected,0.0,M2016008233-0,210-00,Single Family Detached,SINGLE FAMILY RESIDENTIAL,Single-family,unit,8863.477,10433.389475438586,8581.43,1569.9124754385848,1851.9594754385853,2016
3737,4,Out,Collected,0.0,M2016008237-0,210-00,Single Family Detached,SINGLE FAMILY RESIDENTIAL,Single-family,unit,8863.477,10433.389475438586,8581.43,1569.9124754385848,1851.9594754385853,2016
3738,4,Out,Collected,0.0,M2016008422-0,210-00,Single Family Detached,SINGLE FAMILY RESIDENTIAL,Single-family,unit,8863.477,10433.389475438586,8581.43,1569.9124754385848,1851.9594754385853,2016
3739,4,Out,Collected,0.0,M2016008492-0,210-00,Single Family Detached,SINGLE FAMILY RESIDENTIAL,Single-family,unit,8863.477,10433.389475438586,8581.43,1569.9124754385848,1851.9594754385853,2016
3740,4,Out,Collected,0.0,M2016008493-0,210-00,Single Family Detached,SINGLE FAMILY RESIDENTIAL,Single-family,unit,8863.477,10433.389475438586,8581.43,1569.9124754385848,1851.9594754385853,2016
3741,4,Out,Collected,0.0,M2016008508-0,210-00,Single Family Detached,SINGLE FAMILY RESIDENTIAL,Single-family,unit,8863.477,10433.389475438586,8581.43,1569.9124754385848,1851.9594754385853,2016
3742,4,Out,Collected,0.0,M2016008510-0,210-00,Single Family Detached,SINGLE FAMILY RESIDENTIAL,Single-family,unit,8863.477,10433.389475438586,8581.43,1569.9124754385848,1851.9594754385853,2016
3743,4,Out,Collected,0.0,M2016008511-0,210-00,Single Family Detached,SINGLE FAMILY RESIDENTIAL,Single-family,unit,8863.477,10433.389475438586,8581.43,1569.9124754385848,1851.9594754385853,2016
3744,4,Out,Collected,0.0,M2016008512-0,210-00,Single Family Detached,SINGLE FAMILY RESIDENTIAL,Single-family,unit,8863.477,10433.389475438586,8581.43,1569.9124754385848,1851.9594754385853,2016
3745,4,Out,Collected,0.0,M2016008513-0,210-00,Single Family Detached,SINGLE FAMILY RESIDENTIAL,Single-family,unit,8863.477,10433.389475438586,8581.43,1569.9124754385848,1851.9594754385853,2016
3746,4,Out,Collected,0.0,M2016008514-0,210-00,Single Family Detached,SINGLE FAMILY RESIDENTIAL,Single-family,unit,8863.477,10433.389475438586,8581.43,1569.9124754385848,1851.9594754385853,2016
3747,4,Out,Collected,0.0,M2016008515-0,210-00,Single Family Detached,SINGLE FAMILY RESIDENTIAL,Single-family,unit,8863.477,10433.389475438586,8581.43,1569.9124754385848,1851.9594754385853,2016
3748,4,Out,Collected,0.0,M2016008516-0,210-00,Single Family Detached,SINGLE FAMILY RESIDENTIAL,Single-family,unit,8863.477,10433.389475438586,8581.43,1569.9124754385848,1851.9594754385853,2016
3749,4,Out,Collected,0.0,M2016008517-0,210-00,Single Family Detached,SINGLE FAMILY RESIDENTIAL,Single-family,unit,8863.477,10433.389475438586,8581.43,1569.9124754385848,1851.9594754385853,2016
3750,4,Out,Collected,0.0,M2016008518-0,210-00,Single Family Detached,SINGLE FAMILY RESIDENTIAL,Single-family,unit,8863.477,10433.389475438586,8581.43,1569.9124754385848,1851.9594754385853,2016
3751,4,Out,Collected,0.0,M2016008519-0,210-00,Single Family Detached,SINGLE FAMILY RESIDENTIAL,Single-family,unit,8863.477,10433.389475438586,8581.43,1569.9124754385848,1851.9594754385853,2016
3752,4,Out,Collected,0.0,M2016008520-0,210-00,Single Family Detached,SINGLE FAMILY RESIDENTIAL,Single-family,unit,8863.477,10433.389475438586,8581.43,1569.9124754385848,1851.9594754385853,2016
3753,4,Out,Collected,0.0,M2016008522-0,210-00,Single Family Detached,SINGLE FAMILY RESIDENTIAL,Single-family,unit,8863.477,10433.389475438586,8581.43,1569.9124754385848,1851.9594754385853,2016
3754,4,Out,Collected,0.0,M2016009140-0,210-00,Single Family Detached,SINGLE FAMILY RESIDENTIAL,Single-family,unit,8863.477,10433.389475438586,8581.43,1569.9124754385848,1851.9594754385853,2016
3755,4,Out,Collected,0.0,M2016009141-0,210-00,Single Family Detached,SINGLE FAMILY RESIDENTIAL,Single-family,unit,8863.477,10433.389475438586,8581.43,1569.9124754385848,1851.9594754385853,2016
3756,4,Out,Collected,0.0,M2016009142-0,210-00,Single Family Detached,SINGLE FAMILY RESIDENTIAL,Single-family,unit,8863.477,10433.389475438586,8581.43,1569.9124754385848,1851.9594754385853,2016
3757,4,Out,Collected,0.0,M2016009144-0,210-00,Single Family Detached,SINGLE FAMILY RESIDENTIAL,Single-family,unit,8863.477,10433.389475438586,8581.43,1569.9124754385848,1851.9594754385853,2016
3758,4,Out,Collected,0.0,M2016009145-0,210-00,Single Family Detached,SINGLE FAMILY RESIDENTIAL,Single-family,unit,8863.477,10433.389475438586,8581.43,1569.9124754385848,1851.9594754385853,2016
3759,4,Out,Collected,0.0,M2016009146-0,210-00,Single Family Detached,SINGLE FAMILY RESIDENTIAL,Single-family,unit,8863.477,10433.389475438586,8581.43,1569.9124754385848,1851.9594754385853,2016
3760,4,Out,Collected,0.0,M2016009147-0,210-00,Single Family Detached,SINGLE FAMILY RESIDENTIAL,Single-family,unit,8863.477,10433.389475438586,8581.43,1569.9124754385848,1851.9594754385853,2016
3761,4,Out,Collected,0.0,M2016009148-0,210-00,Single Family Detached,SINGLE FAMILY RESIDENTIAL,Single-family,unit,8863.477,10433.389475438586,8581.43,1569.9124754385848,1851.9594754385853,2016
3762,4,Out,Collected,0.0,M2016009364-0,210-00,Single Family Detached,SINGLE FAMILY RESIDENTIAL,Single-family,unit,8863.477,10433.389475438586,8581.43,1569.9124754385848,1851.9594754385853,2016
3763,4,Out,Collected,0.0,M2016009365-0,210-00,Single Family Detached,SINGLE FAMILY RESIDENTIAL,Single-family,unit,8863.477,10433.389475438586,11782.068062903349,1569.9124754385848,-1348.678587464763,2016
3764,4,Out,Collected,0.0,M2016009365-0,710-00,"General Office Building [1-50,000]","OFFICE, ONE STORY",Office,sq. ft.,-8863.409294320001,-9914.847058625104,-11781.978062903348,-1051.437764305103,1867.1310042782443,2016
3765,4,Out,Collected,0.0,M2016009368-0,210-00,Single Family Detached,SINGLE FAMILY RESIDENTIAL,Single-family,unit,8863.477,10433.389475438586,8581.43,1569.9124754385848,1851.9594754385853,2016
3766,4,Out,Collected,0.0,M2016009369-0,210-00,Single Family Detached,SINGLE FAMILY RESIDENTIAL,Single-family,unit,8863.477,10433.389475438586,8581.43,1569.9124754385848,1851.9594754385853,2016
3767,4,Out,Collected,0.0,M2016009370-0,210-00,Single Family Detached,SINGLE FAMILY RESIDENTIAL,Single-family,unit,8863.477,10433.389475438586,8581.43,1569.9124754385848,1851.9594754385853,2016
3768,4,Out,Collected,0.0,M2016009371-0,210-00,Single Family Detached,SINGLE FAMILY RESIDENTIAL,Single-family,unit,8863.477,10433.389475438586,8581.7042860097,1569.9124754385848,1851.6851894288848,2016
3769,4,Out,Collected,0.0,M2016009371-0,710-00,"General Office Building [1-50,000]","OFFICE, ONE STORY",Office,sq. ft.,-8451.23158908,-9453.774036639246,-8182.5642860097005,-1002.5424475592463,-1271.2097506295459,2016
3770,4,Out,Collected,0.0,M2016009374-0,210-00,Single Family Detached,SINGLE FAMILY RESIDENTIAL,Single-family,unit,8863.477,10433.389475438586,8581.43,1569.9124754385848,1851.9594754385853,2016
3771,4,Out,Collected,0.0,M2016009375-0,210-00,Single Family Detached,SINGLE FAMILY RESIDENTIAL,Single-family,unit,8863.477,10433.389475438586,8581.43,1569.9124754385848,1851.9594754385853,2016
3772,4,Out,Collected,0.0,M2016009511-0,210-00,Single Family Detached,SINGLE FAMILY RESIDENTIAL,Single-family,unit,8863.477,10433.389475438586,8581.43,1569.9124754385848,1851.9594754385853,2016
3773,4,Out,Collected,0.0,M2016009513-0,210-00,Single Family Detached,SINGLE FAMILY RESIDENTIAL,Single-family,unit,8863.477,10433.389475438586,8581.43,1569.9124754385848,1851.9594754385853,2016
3774,4,Out,Collected,0.0,M2016009514-0,210-00,Single Family Detached,SINGLE FAMILY RESIDENTIAL,Single-family,unit,8863.477,10433.389475438586,8581.43,1569.9124754385848,1851.9594754385853,2016
3775,4,Out,Collected,0.0,M2016009515-0,210-00,Single Family Detached,SINGLE FAMILY RESIDENTIAL,Single-family,unit,8863.477,10433.389475438586,8581.43,1569.9124754385848,1851.9594754385853,2016
3776,4,Out,Collected,0.0,M2016009516-0,210-00,Single Family Detached,SINGLE FAMILY RESIDENTIAL,Single-family,unit,8863.477,10433.389475438586,8581.43,1569.9124754385848,1851.9594754385853,2016
3777,4,Out,Collected,0.0,M2016009517-0,210-00,Single Family Detached,SINGLE FAMILY RESIDENTIAL,Single-family,unit,8863.477,10433.389475438586,8581.43,1569.9124754385848,1851.9594754385853,2016
3778,4,Out,Collected,0.0,M2016009519-0,210-00,Single Family Detached,SINGLE FAMILY RESIDENTIAL,Single-family,unit,8863.477,10433.389475438586,8581.43,1569.9124754385848,1851.9594754385853,2016
3779,4,Out,Collected,0.0,M2016009520-0,210-00,Single Family Detached,SINGLE FAMILY RESIDENTIAL,Single-family,unit,8863.477,10433.389475438586,8581.43,1569.9124754385848,1851.9594754385853,2016
3780,4,Out,Collected,0.0,M2016009889-0,210-00,Single Family Detached,SINGLE FAMILY RESIDENTIAL,Single-family,unit,8863.477,10433.389475438586,8581.43,1569.9124754385848,1851.9594754385853,2016
3781,4,Out,Collected,0.0,M2016009890-0,210-00,Single Family Detached,SINGLE FAMILY RESIDENTIAL,Single-family,unit,8863.477,10433.389475438586,8581.43,1569.9124754385848,1851.9594754385853,2016
3782,4,Out,Collected,0.0,M2016009892-0,210-00,Single Family Detached,SINGLE FAMILY RESIDENTIAL,Single-family,unit,8863.477,10433.389475438586,8581.43,1569.9124754385848,1851.9594754385853,2016
3783,4,Out,Collected,0.0,M2016010007-0,210-00,Single Family Detached,SINGLE FAMILY RESIDENTIAL,Single-family,unit,8863.477,10433.389475438586,8581.43,1569.9124754385848,1851.9594754385853,2016
3784,4,Out,Collected,0.0,M2016010008-0,210-00,Single Family Detached,SINGLE FAMILY RESIDENTIAL,Single-family,unit,8863.477,10433.389475438586,8581.43,1569.9124754385848,1851.9594754385853,2016
3785,4,Out,Collected,0.0,M2016010009-0,210-00,Single Family Detached,SINGLE FAMILY RESIDENTIAL,Single-family,unit,8863.477,10433.389475438586,8581.43,1569.9124754385848,1851.9594754385853,2016
3786,4,Out,Collected,0.0,M2016010010-0,210-00,Single Family Detached,SINGLE FAMILY RESIDENTIAL,Single-family,unit,8863.477,10433.389475438586,8581.43,1569.9124754385848,1851.9594754385853,2016
3787,4,Out,Collected,0.0,M2016010011-0,210-00,Single Family Detached,SINGLE FAMILY RESIDENTIAL,Single-family,unit,8863.477,10433.389475438586,8581.43,1569.9124754385848,1851.9594754385853,2016
3788,4,Out,Collected,0.0,M2016010012-0,210-00,Single Family Detached,SINGLE FAMILY RESIDENTIAL,Single-family,unit,8863.477,10433.389475438586,8581.43,1569.9124754385848,1851.9594754385853,2016
3789,4,Out,Collected,0.0,M2016010013-0,210-00,Single Family Detached,SINGLE FAMILY RESIDENTIAL,Single-family,unit,8863.477,10433.389475438586,8581.43,1569.9124754385848,1851.9594754385853,2016
3790,4,Out,Collected,0.0,M2016010014-0,210-00,Single Family Detached,SINGLE FAMILY RESIDENTIAL,Single-family,unit,8863.477,10433.389475438586,8581.43,1569.9124754385848,1851.9594754385853,2016
3791,4,Out,Collected,0.0,M2016011903-0,210-00,Single Family Detached,SINGLE FAMILY RESIDENTIAL,Single-family,unit,8863.477,10433.389475438586,8581.43,1569.9124754385848,1851.9594754385853,2016
3792,4,Out,Collected,0.0,M2016012320-0,210-00,Single Family Detached,SINGLE FAMILY RESIDENTIAL,Single-family,unit,8863.477,10433.389475438586,8581.43,1569.9124754385848,1851.9594754385853,2016
3793,4,Out,Collected,0.0,M2016013023-0,710-00,"General Office Building [1-50,000]","OFFICE, ONE STORY",Office,sq. ft.,9445.137324000001,10565.583615233036,9144.56,1120.4462912330346,1421.0236152330363,2016
3794,4,Out,Collected,0.0,M2016013346-0,210-00,Single Family Detached,SINGLE FAMILY RESIDENTIAL,Single-family,unit,8863.477,10433.389475438586,8581.43,1569.9124754385848,1851.9594754385853,2016
3795,4,Out,Collected,0.0,M2016013347-0,210-00,Single Family Detached,SINGLE FAMILY RESIDENTIAL,Single-family,unit,8863.477,10433.389475438586,8581.43,1569.9124754385848,1851.9594754385853,2016
3796,4,Out,Collected,0.0,M2016013350-0,210-00,Single Family Detached,SINGLE FAMILY RESIDENTIAL,Single-family,unit,8863.477,10433.389475438586,8581.43,1569.9124754385848,1851.9594754385853,2016
3797,4,Out,Collected,0.0,M2016013598-0,210-00,Single Family Detached,SINGLE FAMILY RESIDENTIAL,Single-family,unit,8863.477,10433.389475438586,8581.43,1569.9124754385848,1851.9594754385853,2016
3798,4,Out,Collected,0.0,M2016013599-0,210-00,Single Family Detached,SINGLE FAMILY RESIDENTIAL,Single-family,unit,8863.477,10433.389475438586,8581.43,1569.9124754385848,1851.9594754385853,2016
3799,4,Out,Collected,0.0,M2016013600-0,210-00,Single Family Detached,SINGLE FAMILY RESIDENTIAL,Single-family,unit,8863.477,10433.389475438586,8581.43,1569.9124754385848,1851.9594754385853,2016
3800,4,Out,Collected,0.0,M2016013605-0,210-00,Single Family Detached,SINGLE FAMILY RESIDENTIAL,Single-family,unit,8863.477,10433.389475438586,8661.43,1569.9124754385848,1771.9594754385853,2016
3801,4,Out,Collected,0.0,M2016013948-0,210-00,Single Family Detached,SINGLE FAMILY RESIDENTIAL,Single-family,unit,8863.477,10433.389475438586,8581.43,1569.9124754385848,1851.9594754385853,2016
3802,4,Out,Collected,0.0,M2016013950-0,210-00,Single Family Detached,SINGLE FAMILY RESIDENTIAL,Single-family,unit,8863.477,10433.389475438586,8581.43,1569.9124754385848,1851.9594754385853,2016
3803,4,Out,Collected,0.0,M2016013954-0,210-00,Single Family Detached,SINGLE FAMILY RESIDENTIAL,Single-family,unit,8863.477,10433.389475438586,8581.43,1569.9124754385848,1851.9594754385853,2016
3804,4,Out,Collected,0.0,M2016014027-0,210-00,Single Family Detached,SINGLE FAMILY RESIDENTIAL,Single-family,unit,8863.477,10433.389475438586,8581.43,1569.9124754385848,1851.9594754385853,2016
3805,4,Out,Collected,0.0,M2016014345-0,210-00,Single Family Detached,SINGLE FAMILY RESIDENTIAL,Single-family,unit,0.0,0.0,0.0,0.0,0.0,2016
3806,4,Out,Collected,0.0,M2016015254-0,311-00,All Suites Hotel,"HOTELS, MOTELS",Commercial/Retail,room,733996.627,626025.4731650343,710639.93,-107971.15383496566,-84614.45683496573,2016
3807,4,Out,Collected,0.0,M2016015831-0,210-00,Single Family Detached,SINGLE FAMILY RESIDENTIAL,Single-family,unit,8863.477,10433.389475438586,8581.43,1569.9124754385848,1851.9594754385853,2016
3808,4,Out,Collected,0.0,M2016016024-0,210-00,Single Family Detached,SINGLE FAMILY RESIDENTIAL,Single-family,unit,8863.477,10433.389475438586,8581.43,1569.9124754385848,1851.9594754385853,2016
3809,4,Out,Collected,0.0,M2016016413-0,210-00,Single Family Detached,SINGLE FAMILY RESIDENTIAL,Single-family,unit,8863.477,10433.389475438586,8581.43,1569.9124754385848,1851.9594754385853,2016
3810,4,Out,Collected,0.0,M2016016414-0,210-00,Single Family Detached,SINGLE FAMILY RESIDENTIAL,Single-family,unit,8863.477,10433.389475438586,8581.43,1569.9124754385848,1851.9594754385853,2016
3811,4,Out,Collected,0.0,M2016016415-0,210-00,Single Family Detached,SINGLE FAMILY RESIDENTIAL,Single-family,unit,8863.477,10433.389475438586,8581.43,1569.9124754385848,1851.9594754385853,2016
3812,4,Out,Collected,0.0,M2016016416-0,210-00,Single Family Detached,SINGLE FAMILY RESIDENTIAL,Single-family,unit,8863.477,10433.389475438586,8581.43,1569.9124754385848,1851.9594754385853,2016
3813,4,Out,Collected,0.0,M2016016531-0,210-00,Single Family Detached,SINGLE FAMILY RESIDENTIAL,Single-family,unit,8863.477,10433.389475438586,8581.43,1569.9124754385848,1851.9594754385853,2016
3814,4,Out,Collected,0.0,M2016016532-0,210-00,Single Family Detached,SINGLE FAMILY RESIDENTIAL,Single-family,unit,8863.477,10433.389475438586,8581.43,1569.9124754385848,1851.9594754385853,2016
3815,4,Out,Collected,0.0,M2016016533-0,210-00,Single Family Detached,SINGLE FAMILY RESIDENTIAL,Single-family,unit,8863.477,10433.389475438586,8581.43,1569.9124754385848,1851.9594754385853,2016
3816,4,Out,Collected,0.0,M2016016534-0,210-00,Single Family Detached,SINGLE FAMILY RESIDENTIAL,Single-family,unit,8863.477,10433.389475438586,8581.43,1569.9124754385848,1851.9594754385853,2016
3817,4,Out,Collected,0.0,M2016016535-0,210-00,Single Family Detached,SINGLE FAMILY RESIDENTIAL,Single-family,unit,8863.477,10433.389475438586,8581.43,1569.9124754385848,1851.9594754385853,2016
3818,4,Out,Collected,0.0,M2016016869-0,210-00,Single Family Detached,SINGLE FAMILY RESIDENTIAL,Single-family,unit,8863.477,10433.389475438586,8581.43,1569.9124754385848,1851.9594754385853,2016
3819,4,Out,Collected,0.0,M2016016870-0,210-00,Single Family Detached,SINGLE FAMILY RESIDENTIAL,Single-family,unit,8863.477,10433.389475438586,8581.43,1569.9124754385848,1851.9594754385853,2016
3820,4,Out,Collected,0.0,M2016016923-0,210-00,Single Family Detached,SINGLE FAMILY RESIDENTIAL,Single-family,unit,8863.477,10433.389475438586,8581.43,1569.9124754385848,1851.9594754385853,2016
3821,4,Out,Collected,0.0,M2016016924-0,210-00,Single Family Detached,SINGLE FAMILY RESIDENTIAL,Single-family,unit,8863.477,10433.389475438586,8581.43,1569.9124754385848,1851.9594754385853,2016
3822,4,Out,Collected,0.0,M2016016925-0,210-00,Single Family Detached,SINGLE FAMILY RESIDENTIAL,Single-family,unit,8863.477,10433.389475438586,8581.43,1569.9124754385848,1851.9594754385853,2016
3823,4,Out,Collected,0.0,M2016017463-0,210-00,Single Family Detached,SINGLE FAMILY RESIDENTIAL,Single-family,unit,8863.477,10433.389475438586,8581.43,1569.9124754385848,1851.9594754385853,2016
3824,4,Out,Collected,0.0,M2016017469-0,210-00,Single Family Detached,SINGLE FAMILY RESIDENTIAL,Single-family,unit,8863.477,10433.389475438586,8581.43,1569.9124754385848,1851.9594754385853,2016
3825,4,Out,Collected,0.0,M2016017476-0,210-00,Single Family Detached,SINGLE FAMILY RESIDENTIAL,Single-family,unit,8863.477,10433.389475438586,8581.43,1569.9124754385848,1851.9594754385853,2016
3826,4,Out,Collected,0.0,M2016017704-0,210-00,Single Family Detached,SINGLE FAMILY RESIDENTIAL,Single-family,unit,8863.477,10433.389475438586,8581.43,1569.9124754385848,1851.9594754385853,2016
3827,4,Out,Collected,0.0,M2016017900-0,210-00,Single Family Detached,SINGLE FAMILY RESIDENTIAL,Single-family,unit,8863.477,10433.389475438586,8581.43,1569.9124754385848,1851.9594754385853,2016
3828,4,Out,Collected,0.0,M2016017901-0,210-00,Single Family Detached,SINGLE FAMILY RESIDENTIAL,Single-family,unit,8863.477,10433.389475438586,8581.43,1569.9124754385848,1851.9594754385853,2016
3829,4,Out,Collected,0.0,M2016017903-0,210-00,Single Family Detached,SINGLE FAMILY RESIDENTIAL,Single-family,unit,8863.477,10433.389475438586,8581.43,1569.9124754385848,1851.9594754385853,2016
3830,4,Out,Collected,0.0,M2016018255-0,210-00,Single Family Detached,SINGLE FAMILY RESIDENTIAL,Single-family,unit,8863.477,10433.389475438586,8581.43,1569.9124754385848,1851.9594754385853,2016
3831,4,Out,Collected,0.0,M2017000414-0,210-00,Single Family Detached,SINGLE FAMILY RESIDENTIAL,Single-family,unit,8863.477,10433.389475438586,8863.480000000001,1569.9124754385848,1569.9094754385842,2016
3832,4,Out,Collected,0.0,M2017000415-0,210-00,Single Family Detached,SINGLE FAMILY RESIDENTIAL,Single-family,unit,8863.477,10433.389475438586,8863.480000000001,1569.9124754385848,1569.9094754385842,2016
3833,4,Out,Collected,0.0,M2017000417-0,210-00,Single Family Detached,SINGLE FAMILY RESIDENTIAL,Single-family,unit,8863.477,10433.389475438586,8863.480000000001,1569.9124754385848,1569.9094754385842,2016
3834,4,Out,Collected,0.0,M2017000418-0,210-00,Single Family Detached,SINGLE FAMILY RESIDENTIAL,Single-family,unit,8863.477,10433.389475438586,8863.480000000001,1569.9124754385848,1569.9094754385842,2016
3835,4,Out,Collected,0.0,M2017000420-0,210-00,Single Family Detached,SINGLE FAMILY RESIDENTIAL,Single-family,unit,8863.477,10433.389475438586,8863.480000000001,1569.9124754385848,1569.9094754385842,2016
3836,4,Out,Collected,0.0,M2017000421-0,210-00,Single Family Detached,SINGLE FAMILY RESIDENTIAL,Single-family,unit,8863.477,10433.389475438586,8863.480000000001,1569.9124754385848,1569.9094754385842,2016
3837,4,Out,Collected,0.0,M2017000422-0,210-00,Single Family Detached,SINGLE FAMILY RESIDENTIAL,Single-family,unit,8863.477,10433.389475438586,8863.480000000001,1569.9124754385848,1569.9094754385842,2016
3838,4,Out,Collected,0.0,M2017000423-0,210-00,Single Family Detached,SINGLE FAMILY RESIDENTIAL,Single-family,unit,8863.477,10433.389475438586,8863.480000000001,1569.9124754385848,1569.9094754385842,2016
3839,4,Out,Collected,0.0,M2017000528-0,210-00,Single Family Detached,SINGLE FAMILY RESIDENTIAL,Single-family,unit,8863.477,10433.389475438586,8863.480000000001,1569.9124754385848,1569.9094754385842,2016
3840,4,Out,Collected,0.0,M2017000534-0,210-00,Single Family Detached,SINGLE FAMILY RESIDENTIAL,Single-family,unit,8863.477,10433.389475438586,8863.480000000001,1569.9124754385848,1569.9094754385842,2016
3841,4,Out,Collected,0.0,M2017000536-0,210-00,Single Family Detached,SINGLE FAMILY RESIDENTIAL,Single-family,unit,8863.477,10433.389475438586,8863.480000000001,1569.9124754385848,1569.9094754385842,2016
3842,4,Out,Collected,0.0,M2017000537-0,210-00,Single Family Detached,SINGLE FAMILY RESIDENTIAL,Single-family,unit,8863.477,10433.389475438586,8863.480000000001,1569.9124754385848,1569.9094754385842,2016
3843,4,Out,Collected,0.0,M2017000539-0,210-00,Single Family Detached,SINGLE FAMILY RESIDENTIAL,Single-family,unit,8863.477,10433.389475438586,8863.480000000001,1569.9124754385848,1569.9094754385842,2016
3844,4,Out,Collected,0.0,M2017000549-0,210-00,Single Family Detached,SINGLE FAMILY RESIDENTIAL,Single-family,unit,8863.477,10433.389475438586,8863.480000000001,1569.9124754385848,1569.9094754385842,2016
3845,4,Out,Collected,0.0,M2017000561-0,210-00,Single Family Detached,SINGLE FAMILY RESIDENTIAL,Single-family,unit,8863.477,10433.389475438586,8863.480000000001,1569.9124754385848,1569.9094754385842,2016
3846,4,Out,Collected,0.0,M2017000562-0,210-00,Single Family Detached,SINGLE FAMILY RESIDENTIAL,Single-family,unit,8863.477,10433.389475438586,8863.480000000001,1569.9124754385848,1569.9094754385842,2016
3847,4,Out,Collected,0.0,M2017000563-0,210-00,Single Family Detached,SINGLE FAMILY RESIDENTIAL,Single-family,unit,8863.477,10433.389475438586,8863.480000000001,1569.9124754385848,1569.9094754385842,2016
3848,4,Out,Collected,0.0,M2017000566-0,210-00,Single Family Detached,SINGLE FAMILY RESIDENTIAL,Single-family,unit,8863.477,10433.389475438586,8863.480000000001,1569.9124754385848,1569.9094754385842,2016
3849,4,Out,Collected,0.0,M2017000568-0,210-00,Single Family Detached,SINGLE FAMILY RESIDENTIAL,Single-family,unit,8863.477,10433.389475438586,8863.480000000001,1569.9124754385848,1569.9094754385842,2016
3850,4,Out,Collected,0.0,M2017000569-0,210-00,Single Family Detached,SINGLE FAMILY RESIDENTIAL,Single-family,unit,8863.477,10433.389475438586,8863.480000000001,1569.9124754385848,1569.9094754385842,2016
3851,4,Out,Collected,0.0,M2017000571-0,210-00,Single Family Detached,SINGLE FAMILY RESIDENTIAL,Single-family,unit,8863.477,10433.389475438586,8863.480000000001,1569.9124754385848,1569.9094754385842,2016
3852,4,Out,Collected,0.0,M2017000573-0,210-00,Single Family Detached,SINGLE FAMILY RESIDENTIAL,Single-family,unit,8863.477,10433.389475438586,8863.480000000001,1569.9124754385848,1569.9094754385842,2016
3853,4,Out,Collected,0.0,M2017000576-0,210-00,Single Family Detached,SINGLE FAMILY RESIDENTIAL,Single-family,unit,8863.477,10433.389475438586,8863.480000000001,1569.9124754385848,1569.9094754385842,2016
3854,4,Out,Collected,0.0,M2017000578-0,210-00,Single Family Detached,SINGLE FAMILY RESIDENTIAL,Single-family,unit,8863.477,10433.389475438586,8863.480000000001,1569.9124754385848,1569.9094754385842,2016
3855,4,Out,Collected,0.0,M2017000579-0,210-00,Single Family Detached,SINGLE FAMILY RESIDENTIAL,Single-family,unit,8863.477,10433.389475438586,8863.480000000001,1569.9124754385848,1569.9094754385842,2016
3856,4,Out,Collected,0.0,M2017000580-0,210-00,Single Family Detached,SINGLE FAMILY RESIDENTIAL,Single-family,unit,8863.477,10433.389475438586,8863.480000000001,1569.9124754385848,1569.9094754385842,2016
3857,4,Out,Collected,0.0,M2017000581-0,210-00,Single Family Detached,SINGLE FAMILY RESIDENTIAL,Single-family,unit,8863.477,10433.389475438586,8863.480000000001,1569.9124754385848,1569.9094754385842,2016
3858,4,Out,Collected,0.0,M2017000582-0,210-00,Single Family Detached,SINGLE FAMILY RESIDENTIAL,Single-family,unit,8863.477,10433.389475438586,8863.480000000001,1569.9124754385848,1569.9094754385842,2016
3859,4,Out,Collected,0.0,M2017000652-0,210-00,Single Family Detached,SINGLE FAMILY RESIDENTIAL,Single-family,unit,8863.477,10433.389475438586,8863.480000000001,1569.9124754385848,1569.9094754385842,2016
3860,4,Out,Collected,0.0,M2017000667-0,210-00,Single Family Detached,SINGLE FAMILY RESIDENTIAL,Single-family,unit,8863.477,10433.389475438586,8863.480000000001,1569.9124754385848,1569.9094754385842,2016
3861,4,Out,Collected,0.0,M2017000668-0,210-00,Single Family Detached,SINGLE FAMILY RESIDENTIAL,Single-family,unit,8863.477,10433.389475438586,8863.480000000001,1569.9124754385848,1569.9094754385842,2016
3862,4,Out,Collected,0.0,M2017000669-0,210-00,Single Family Detached,SINGLE FAMILY RESIDENTIAL,Single-family,unit,8863.477,10433.389475438586,8863.480000000001,1569.9124754385848,1569.9094754385842,2016
3863,4,Out,Collected,0.0,M2017000670-0,210-00,Single Family Detached,SINGLE FAMILY RESIDENTIAL,Single-family,unit,8863.477,10433.389475438586,8863.480000000001,1569.9124754385848,1569.9094754385842,2016
3864,4,Out,Collected,0.0,M2017000699-0,820-00,"Shopping Center/General Retail [1-10,000]","STORES, ONE STORY",Commercial/Retail,sq. ft.,147708.35982,160751.52186858054,147708.2497798256,13043.162048580532,13043.272088754951,2016
3865,4,Out,Collected,0.0,M2017000699-0,853-00,Convenience market with Gasoline,SERVICE STATIONS,Commercial/Retail,sq. ft.,140647.325,189103.09649639632,140647.22022017444,48455.77149639631,48455.87627622188,2016
3866,4,Out,Collected,0.0,M2017001101-0,210-00,Single Family Detached,SINGLE FAMILY RESIDENTIAL,Single-family,unit,8863.477,10433.389475438586,8863.480000000001,1569.9124754385848,1569.9094754385842,2016
3867,4,Out,Collected,0.0,M2017001104-0,210-00,Single Family Detached,SINGLE FAMILY RESIDENTIAL,Single-family,unit,8863.477,10433.389475438586,8863.480000000001,1569.9124754385848,1569.9094754385842,2016
3868,4,Out,Collected,0.0,M2017001106-0,210-00,Single Family Detached,SINGLE FAMILY RESIDENTIAL,Single-family,unit,8863.477,10433.389475438586,8863.480000000001,1569.9124754385848,1569.9094754385842,2016
3869,4,Out,Collected,0.0,M2017001108-0,210-00,Single Family Detached,SINGLE FAMILY RESIDENTIAL,Single-family,unit,8863.477,10433.389475438586,8863.480000000001,1569.9124754385848,1569.9094754385842,2016
3870,4,Out,Collected,0.0,M2017001112-0,210-00,Single Family Detached,SINGLE FAMILY RESIDENTIAL,Single-family,unit,8863.477,10433.389475438586,8863.480000000001,1569.9124754385848,1569.9094754385842,2016
3871,4,Out,Collected,0.0,M2017001114-0,210-00,Single Family Detached,SINGLE FAMILY RESIDENTIAL,Single-family,unit,8863.477,10433.389475438586,8863.480000000001,1569.9124754385848,1569.9094754385842,2016
3872,4,Out,Collected,0.0,M2017001396-0,210-00,Single Family Detached,SINGLE FAMILY RESIDENTIAL,Single-family,unit,8863.477,10433.389475438586,8863.480000000001,1569.9124754385848,1569.9094754385842,2016
3873,4,Out,Collected,0.0,M2017001397-0,210-00,Single Family Detached,SINGLE FAMILY RESIDENTIAL,Single-family,unit,8863.477,10433.389475438586,8863.480000000001,1569.9124754385848,1569.9094754385842,2016
3874,4,Out,Collected,0.0,M2017001398-0,210-00,Single Family Detached,SINGLE FAMILY RESIDENTIAL,Single-family,unit,8863.477,10433.389475438586,8863.480000000001,1569.9124754385848,1569.9094754385842,2016
3875,4,Out,Collected,0.0,M2017001400-0,210-00,Single Family Detached,SINGLE FAMILY RESIDENTIAL,Single-family,unit,8863.477,10433.389475438586,8863.480000000001,1569.9124754385848,1569.9094754385842,2016
3876,4,Out,Collected,0.0,M2017001402-0,210-00,Single Family Detached,SINGLE FAMILY RESIDENTIAL,Single-family,unit,8863.477,10433.389475438586,8863.480000000001,1569.9124754385848,1569.9094754385842,2016
3877,4,Out,Collected,0.0,M2017001403-0,210-00,Single Family Detached,SINGLE FAMILY RESIDENTIAL,Single-family,unit,8863.477,10433.389475438586,8863.480000000001,1569.9124754385848,1569.9094754385842,2016
3878,4,Out,Collected,0.0,M2017001533-0,210-00,Single Family Detached,SINGLE FAMILY RESIDENTIAL,Single-family,unit,8863.477,10433.389475438586,8863.480000000001,1569.9124754385848,1569.9094754385842,2016
3879,4,Out,Collected,0.0,M2017001534-0,210-00,Single Family Detached,SINGLE FAMILY RESIDENTIAL,Single-family,unit,8863.477,10433.389475438586,8863.480000000001,1569.9124754385848,1569.9094754385842,2016
